9
2
10
9
32
21
42
1
43
3
45
2
48
3
49
1
50
2
53
1
54
1
57
2
97
4
101
3
102
3
103
2
104
2
105
5
106
1
108
3
111
7
113
1
114
1
115
2
116
2
119
1
119
1
42	1
119	1
49	1
53	1
54	1
114	1
113	1
106	1
45	2
57	2
115	2
0	2
0	2
116	2
0	2
0	2
9	2
50	2
103	2
104	2
48	3
102	3
108	3
101	3
43	3
0	4
97	4
0	4
0	4
0	4
0	4
0	4
105	5
0	6
0	6
0	7
111	7
0	8
0	8
0	8
10	9
0	11
0	13
0	15
0	16
0	20
32	21
0	28
0	36
0	49
115	00000
54	000010
114	000011
9	00010
50	00011
97	0010
45	00110
57	01101
10	010
43	11111110
53	1111111
32	11111111
105	0110
57	01101
48	01110
102	01111
32	11111111
108	11000
101	11001
43	11111110
103	110110
104	110111
111	1110
113	1111000
106	1111001
116	111101
42	1111100
119	1111101
49	1111110
43	11111110
53	1111111
32	11111111
