0.000000000
0.090147000
0.061058000
0.060018000
0.063589000
0.008282000
0.001899000
0.069624000
0.032915000
0.051126000
0.050263000
0.048353000
0.078912000
0.032017000
0.049112000
0.041212000
0.078127000
0.095391000
0.002929000
0.045196000
0.064518000
0.033767000
0.058410000
0.036288000
0.043093000
0.064990000
0.049990000
0.047676000
0.070886000
0.027959000
0.044462000
0.061685000
0.055106000
0.065882000
0.035948000
0.039069000
0.043295000
0.091841000
0.005287000
0.053949000
0.067580000
0.034621000
0.079060000
0.026073000
0.041698000
0.051482000
0.048108000
0.052110000
0.049517000
0.053769000
0.052164000
0.062811000
0.087657000
0.002353000
0.070820000
0.028158000
0.074892000
0.045001000
0.036202000
0.067009000
0.034765000
0.063108000
0.062962000
0.022943000
0.064105000
0.033102000
0.057303000
0.065963000
0.038644000
0.040267000
0.059783000
0.060109000
0.049840000
0.061743000
0.024701000
0.073564000
0.028938000
0.063492000
0.048054000
0.039578000
0.078029000
0.126943000
0.039973000
0.018102000
0.005468000
0.048389000
0.048468000
0.032225000
0.079768000
0.032610000
0.040028000
0.052785000
0.056157000
0.073035000
0.037484000
0.075834000
0.028691000
0.049973000
0.088415000
0.047640000
0.003269000
0.053141000
0.049676000
0.088890000
0.002381000
0.076103000
0.063624000
0.035275000
0.047215000
0.036700000
0.052484000
0.072347000
0.018133000
0.056792000
0.066842000
0.050093000
0.029745000
0.068487000
0.032057000
0.054063000
0.046139000
0.069988000
0.037585000
0.080425000
0.014656000
0.073916000
0.058783000
0.022981000
0.054245000
0.048782000
0.046917000
0.071912000
0.060663000
0.040188000
0.033611000
0.048415000
0.050511000
0.045994000
0.068111000
0.046961000
0.036366000
0.053592000
0.061555000
0.055454000
0.034957000
0.067491000
0.051560000
0.046211000
0.069749000
0.035636000
0.068479000
0.042580000
0.019390000
0.071459000
0.090875000
0.005779000
0.034320000
0.070075000
0.032419000
0.076908000
0.028133000
0.067800000
0.032527000
0.045360000
0.049763000
0.055302000
0.085053000
0.052122000
0.009367000
0.069950000
0.033301000
0.084764000
0.047909000
0.051793000
0.049985000
0.034980000
0.045888000
0.050036000
0.050662000
0.040179000
0.048258000
0.074987000
0.033059000
0.078125000
0.056778000
0.008866000
0.085359000
0.012826000
0.054021000
0.081013000
0.025001000
0.047709000
0.070965000
0.038489000
0.035690000
0.054714000
0.052437000
0.082843000
0.013408000
0.069213000
0.064491000
0.069607000
0.011526000
0.104076000
0.003038000
0.081506000
0.004091000
0.076784000
0.058316000
0.078171000
0.001892000
0.052848000
0.062695000
0.041788000
0.080333000
0.002718000
0.050023000
0.080343000
0.065498000
0.127756000
0.003911000
0.050113000
0.007056000
0.074977000
0.005663000
0.092266000
0.004818000
0.110817000
0.004570000
0.105880000
0.003856000
0.075130000
0.005750000
0.073201000
0.024016000
0.075348000
0.054913000
0.055140000
0.007398000
0.071002000
0.059951000
0.056316000
0.010786000
0.072881000
0.066974000
0.030867000
0.039715000
0.069158000
0.037625000
0.110434000
0.005607000
0.045219000
0.047842000
0.057631000
0.059977000
0.033204000
0.046627000
0.039204000
0.050222000
0.053175000
0.062043000
0.065106000
0.019347000
0.071940000
0.043459000
0.084988000
0.050086000
0.005531000
0.070379000
0.025539000
0.086346000
0.047007000
0.046179000
0.054960000
0.016068000
0.060008000
0.077348000
0.098346000
0.035863000
0.008214000
0.031022000
0.097114000
0.009509000
0.060398000
0.148051000
0.023629000
0.006984000
0.059460000
0.047948000
0.035299000
0.042106000
0.037010000
0.051229000
0.066408000
0.029995000
0.070006000
0.051611000
0.040741000
0.029379000
0.044211000
0.088983000
0.044235000
0.030624000
0.086097000
0.039671000
0.068668000
0.048981000
0.022079000
0.072775000
0.008961000
0.045552000
0.097331000
0.019586000
0.095570000
0.005889000
0.052243000
0.067953000
0.013957000
0.057283000
0.046500000
0.057851000
0.085807000
0.004794000
0.103262000
0.006075000
0.159884000
0.063499000
0.038761000
0.023824000
0.053323000
0.021101000
0.062024000
0.105996000
0.043649000
0.054155000
0.057935000
0.015594000
0.014054000
0.075190000
0.067084000
0.008430000
0.068563000
0.046367000
0.078784000
0.027373000
0.080728000
0.018145000
0.035676000
0.052649000
0.045022000
0.058294000
0.035817000
0.078123000
0.017863000
0.124382000
0.010216000
0.090734000
0.059030000
0.037170000
0.073692000
0.006665000
0.021864000
0.095135000
0.007658000
0.075200000
0.007457000
0.047332000
0.066640000
0.049479000
0.090099000
0.065930000
0.080722000
0.077369000
0.049790000
0.030175000
0.079826000
0.038590000
0.056740000
0.051764000
0.148757000
0.095649000
0.184079000
0.131470000
0.049409000
0.042086000
0.052793000
0.008709000
0.041929000
0.018138000
0.069924000
0.008301000
0.014152000
0.006197000
0.032358000
0.037696000
0.004840000
0.004658000
0.008814000
0.033967000
0.004994000
0.006096000
0.057009000
0.087891000
0.059060000
0.071293000
0.088728000
0.050484000
0.026618000
0.034419000
0.019224000
0.080542000
0.088852000
0.073862000
0.081974000
0.078419000
0.078220000
0.088357000
0.080009000
0.087570000
0.077439000
0.060359000
0.067975000
0.071664000
0.072001000
0.065719000
0.072882000
0.058517000
0.056408000
0.004429000
0.004088000
0.028509000
0.016587000
0.003619000
0.026348000
0.014679000
0.020868000
0.003405000
0.003939000
0.007230000
0.009996000
0.010589000
0.067200000
0.035006000
0.081008000
0.063286000
0.004006000
0.097705000
0.003050000
0.149074000
0.013058000
0.005252000
0.054180000
0.040870000
0.059534000
0.035266000
0.051616000
0.048397000
0.056649000
0.060285000
0.037763000
0.048137000
0.051931000
0.050731000
0.051322000
0.074996000
0.098055000
0.084876000
0.063327000
0.073409000
0.063266000
0.061224000
0.058796000
0.061483000
0.017296000
0.009703000
0.055515000
0.003235000
0.004285000
0.108455000
0.005577000
0.013113000
0.069686000
0.073562000
0.004587000
0.055003000
0.054442000
0.079060000
0.018974000
0.051011000
0.062497000
0.060096000
0.054471000
0.045211000
0.021717000
0.055441000
0.154995000
0.004622000
0.003453000
0.049517000
