0.000000000
0.061095000
0.002523000
0.141123000
0.019036000
0.002108000
0.070432000
0.078684000
0.029433000
0.006763000
0.137617000
0.015351000
0.032030000
0.092603000
0.055018000
0.068143000
0.004483000
0.019887000
0.055831000
0.066648000
0.086006000
0.004692000
0.047398000
0.150091000
0.004634000
0.003546000
0.090682000
0.031647000
0.037356000
0.046930000
0.068047000
0.004977000
0.056099000
0.041785000
0.067232000
0.095928000
0.016801000
0.043289000
0.074954000
0.021369000
0.033570000
0.064076000
0.053047000
0.056346000
0.081916000
0.022615000
0.085538000
0.019466000
0.107824000
0.004020000
0.058445000
0.018237000
0.063333000
0.036109000
0.059243000
0.056279000
0.039318000
0.051140000
0.035377000
0.049016000
0.054692000
0.075996000
0.019917000
0.059130000
0.083566000
0.008730000
0.053739000
0.047834000
0.057187000
0.055607000
0.053282000
0.040034000
0.046855000
0.140381000
0.032902000
0.051899000
0.031045000
0.051945000
0.004977000
0.062902000
0.047128000
0.055668000
0.051153000
0.062602000
0.031633000
0.050889000
0.070107000
0.051306000
0.021002000
0.046970000
0.055291000
0.104383000
0.004976000
0.058035000
0.034114000
0.048863000
0.064981000
0.051394000
0.054364000
0.044283000
0.075213000
0.039766000
0.067021000
0.005713000
0.054292000
0.060096000
0.065934000
0.077803000
0.070113000
0.061809000
0.018902000
0.038320000
0.055075000
0.037848000
0.022091000
0.103117000
0.003690000
0.092176000
0.008041000
0.076562000
0.052395000
0.047798000
0.049293000
0.030095000
0.053605000
0.060141000
0.050168000
0.061768000
0.069183000
0.079991000
0.017728000
0.034139000
0.046147000
0.067033000
0.035540000
0.078123000
0.019163000
0.034208000
0.054507000
0.063463000
0.047414000
0.055230000
0.051318000
0.037406000
0.069055000
0.038008000
0.056147000
0.087223000
0.043566000
0.032872000
0.047810000
0.102551000
0.025782000
0.004672000
0.065397000
0.049698000
0.071910000
0.004619000
0.065013000
0.043639000
0.059676000
0.050894000
0.051189000
0.029584000
0.064714000
0.042628000
0.052552000
0.047429000
0.075827000
0.024203000
0.057444000
0.044610000
0.050779000
0.079879000
0.046718000
0.034355000
0.065658000
0.036981000
0.056803000
0.038868000
0.059737000
0.032050000
0.073338000
0.031162000
0.081764000
0.018031000
0.067217000
0.040043000
0.062492000
0.044924000
0.092962000
0.056455000
0.084773000
0.012336000
0.005132000
0.041478000
0.087261000
0.016307000
0.047552000
0.051434000
0.076111000
0.041407000
0.058594000
0.034384000
0.088481000
0.003858000
0.068971000
0.044564000
0.043139000
0.051635000
0.045933000
0.084959000
0.042507000
0.045142000
0.033774000
0.048024000
0.066538000
0.035372000
0.102153000
0.006106000
0.069021000
0.042680000
0.072182000
0.007591000
0.082329000
0.017775000
0.069751000
0.059545000
0.048559000
0.077908000
0.032379000
0.048957000
0.057224000
0.008317000
0.086731000
0.034940000
0.049550000
0.083815000
0.033631000
0.053034000
0.018020000
0.055529000
0.056576000
0.067902000
0.019951000
0.055045000
0.059963000
0.041018000
0.055422000
0.052491000
0.042591000
0.058233000
0.048313000
0.085944000
0.011159000
0.074887000
0.049946000
0.030015000
0.045001000
0.072358000
0.046973000
0.023971000
0.053693000
0.067742000
0.076267000
0.057234000
0.003574000
0.062308000
0.057014000
0.076864000
0.003623000
0.078715000
0.020969000
0.050330000
0.049512000
0.072818000
0.035165000
0.053929000
0.060509000
0.033661000
0.052059000
0.051521000
0.061231000
0.032247000
0.065513000
0.042305000
0.087509000
0.050616000
0.003900000
0.081334000
0.025094000
0.063809000
0.050464000
0.043249000
0.112727000
0.005254000
0.058748000
0.048677000
0.006597000
0.106562000
0.028223000
0.111762000
0.044425000
0.034096000
0.036441000
0.004142000
0.047491000
0.059931000
0.071224000
0.046566000
0.022231000
0.063088000
0.072551000
0.015182000
0.061152000
0.050194000
0.052744000
0.048768000
0.077137000
0.041117000
0.052595000
0.028629000
0.059765000
0.075240000
0.016622000
0.056625000
0.072282000
0.037029000
0.077197000
0.004710000
0.058374000
0.061641000
0.043913000
0.053802000
0.052229000
0.037449000
0.068807000
0.045106000
0.039326000
0.052664000
0.060731000
0.051190000
0.049015000
0.042728000
0.080823000
0.066121000
0.008011000
0.089545000
0.036293000
0.058647000
0.007386000
0.055700000
0.045687000
0.058196000
0.048830000
0.048052000
0.111984000
0.007103000
0.063946000
0.044088000
0.055662000
0.047316000
0.041600000
0.116781000
0.098201000
0.067203000
0.023784000
0.020262000
0.006461000
0.023991000
0.067728000
0.015005000
0.084455000
0.050482000
0.051867000
0.102474000
0.038707000
0.035682000
0.037225000
0.008740000
0.075742000
0.072973000
0.005755000
0.059901000
0.137042000
0.005640000
0.023199000
0.026834000
0.071023000
0.042588000
0.054732000
0.041727000
0.063813000
0.052424000
0.048833000
0.031690000
0.044473000
0.061041000
0.079989000
0.061446000
0.003537000
0.047274000
0.098269000
0.004450000
0.077733000
0.054364000
0.117013000
0.036669000
0.003234000
0.016548000
0.128894000
0.019690000
0.032102000
0.050774000
0.109758000
0.043221000
0.002678000
0.028344000
0.045039000
0.083314000
0.045826000
0.043641000
0.027059000
0.058385000
0.053769000
0.035016000
0.059017000
0.051949000
0.040449000
0.062182000
0.067382000
0.042987000
0.062012000
0.065011000
0.012485000
0.072273000
0.052283000
0.030252000
0.067600000
0.024407000
0.057728000
0.040830000
0.054421000
0.050773000
0.049071000
0.055120000
0.044786000
0.070216000
0.049771000
0.031898000
0.061559000
0.094851000
0.017699000
0.052921000
0.047478000
0.045298000
0.051829000
0.048530000
0.073805000
0.025082000
0.101078000
0.068418000
0.046648000
0.021719000
0.036337000
0.033155000
0.043557000
0.049745000
0.061436000
0.050028000
0.055830000
0.062765000
0.032363000
0.051219000
0.048255000
0.092289000
0.024865000
0.026975000
0.061757000
0.073813000
0.020369000
0.091718000
0.003716000
0.089878000
0.007060000
0.072130000
0.039567000
0.062176000
0.035746000
0.058518000
0.049049000
0.040106000
0.059531000
0.058361000
0.059506000
0.051499000
0.056081000
0.048575000
0.024308000
0.047048000
