0.000000000
0.072523000
0.112863000
0.089935000
0.092171000
0.024992000
0.050000000
0.003151000
0.028389000
0.087720000
0.022452000
0.031213000
0.055654000
0.053963000
0.046030000
0.004251000
0.005079000
0.119706000
0.004483000
0.115025000
0.001193000
0.005995000
0.076462000
0.036314000
0.039986000
0.069390000
0.022783000
0.036902000
0.248733000
0.086924000
0.092244000
0.026901000
0.055077000
0.044070000
0.170500000
0.023534000
0.180952000
0.005637000
0.028046000
0.097522000
0.095219000
0.002326000
0.029880000
0.002585000
0.002020000
0.002751000
0.016203000
0.007388000
0.021542000
0.097710000
0.059722000
0.050430000
0.071318000
0.020328000
0.047173000
0.037010000
0.054919000
0.034794000
0.142956000
0.017203000
0.168359000
0.004241000
0.010455000
0.047361000
0.084006000
0.088591000
0.009724000
0.022078000
0.007544000
0.026870000
0.133207000
0.018782000
0.049915000
0.083659000
0.004295000
0.096205000
0.042806000
0.025439000
0.034241000
0.006309000
0.055349000
0.095263000
0.004503000
0.151045000
0.058118000
0.005040000
0.041779000
0.028285000
0.025946000
0.005763000
0.082801000
0.047894000
0.008523000
0.068181000
0.083808000
0.008207000
0.057652000
0.106266000
0.022889000
0.005072000
0.092548000
0.002697000
0.078055000
0.149631000
0.004996000
0.027397000
0.051905000
0.037929000
0.076794000
0.003010000
0.065140000
0.082769000
0.065300000
0.564686000
0.043593000
0.004525000
0.001916000
0.038467000
0.054934000
0.004680000
0.014998000
0.005026000
0.004991000
0.005031000
0.003521000
0.003918000
0.004056000
0.062055000
0.002512000
0.165904000
0.043904000
0.034190000
0.003181000
0.058724000
0.004992000
0.081199000
0.051835000
0.043472000
0.044128000
0.030528000
0.102715000
0.056410000
0.002895000
0.150841000
0.076017000
0.006831000
0.038812000
0.011673000
0.302688000
0.027243000
0.032756000
0.023094000
0.060460000
0.032388000
0.004584000
0.035471000
0.029073000
0.052297000
0.004490000
0.003150000
0.025033000
0.073658000
0.002668000
0.116674000
0.130826000
0.004476000
0.061679000
0.030009000
0.242730000
0.107275000
0.036839000
0.003179000
0.003727000
0.003613000
0.058955000
0.003713000
0.109979000
0.006891000
0.143167000
0.002906000
0.049724000
0.024945000
0.034439000
0.008139000
0.065468000
0.002407000
0.146910000
0.005023000
0.121205000
0.033768000
0.002108000
0.003335000
0.061049000
0.004076000
0.117548000
0.003496000
0.055914000
0.095231000
0.027463000
0.008827000
0.227769000
0.138694000
0.022534000
0.070091000
0.074989000
0.080979000
0.034244000
0.013003000
0.142045000
0.027063000
0.013747000
0.090628000
0.055597000
0.008939000
0.216433000
0.020311000
0.054452000
0.004689000
0.065292000
0.004668000
0.004721000
0.112105000
0.008027000
0.023749000
0.007806000
0.041307000
0.007141000
0.003848000
0.049404000
0.021833000
0.008200000
0.093857000
0.036317000
0.123793000
0.102789000
0.053471000
0.009464000
0.161988000
0.019355000
0.008319000
0.076331000
0.084846000
0.045150000
0.045742000
0.043030000
0.024882000
0.094349000
0.029706000
0.049360000
0.017671000
0.018446000
0.041625000
0.067256000
0.055004000
0.036187000
0.065698000
0.006255000
0.062154000
0.044714000
0.057373000
0.053108000
0.071510000
0.049376000
0.129366000
0.184376000
0.121020000
0.055476000
0.063456000
0.019953000
0.076639000
0.039977000
0.092785000
0.044632000
0.027003000
0.102927000
0.070738000
0.006302000
0.046053000
0.045833000
0.149162000
0.055003000
0.100781000
0.112783000
0.058404000
0.006286000
0.010730000
0.006832000
0.040651000
0.037546000
0.004323000
0.005641000
0.066272000
0.020454000
0.029384000
0.037116000
0.043724000
0.006015000
0.010489000
0.058796000
0.008805000
0.035938000
0.024557000
0.041830000
0.077679000
0.055460000
0.034557000
0.099718000
0.005187000
0.041065000
0.003326000
0.021824000
0.057353000
0.025307000
0.063954000
0.093227000
0.058899000
0.007467000
0.011611000
0.119681000
0.007377000
0.055057000
0.097225000
0.035074000
0.004220000
0.189300000
0.027856000
0.049796000
0.037060000
0.064413000
0.085707000
0.049363000
0.006217000
0.031773000
0.022531000
0.059598000
0.036602000
0.054019000
0.015088000
0.033069000
0.097595000
0.039209000
0.006814000
0.057465000
0.053446000
0.087612000
0.013919000
0.098915000
0.068792000
0.029954000
0.041205000
0.029261000
0.042241000
0.038901000
0.142746000
0.010153000
0.069888000
0.041529000
0.024426000
0.054540000
0.046593000
0.046471000
0.021475000
0.066998000
0.049973000
0.017234000
0.156144000
0.017122000
0.025804000
0.033971000
0.021096000
0.090615000
0.051692000
0.008470000
0.077853000
0.014995000
0.079993000
0.082265000
0.032786000
0.062968000
0.007002000
0.077412000
0.044974000
0.107605000
0.025061000
0.076497000
0.020661000
0.009934000
0.042860000
0.083745000
0.002351000
0.118949000
0.003837000
0.067315000
0.008824000
0.139073000
0.238163000
0.002234000
0.031526000
0.023290000
0.062273000
0.077694000
0.007110000
0.089664000
0.063956000
0.006552000
0.082883000
0.004808000
0.007881000
0.004235000
0.011615000
0.069147000
0.110461000
0.080756000
0.005949000
0.043944000
0.040163000
0.004958000
0.070785000
0.127904000
0.080572000
0.007299000
0.055319000
0.032419000
0.096007000
0.003400000
0.001720000
0.049284000
0.100838000
0.082851000
0.026363000
0.019967000
0.036292000
0.072210000
0.002411000
0.119074000
0.005040000
0.150946000
0.004049000
0.076966000
0.003098000
0.039438000
0.058562000
0.047997000
0.088860000
0.034335000
0.055485000
0.075902000
0.032338000
0.005101000
0.049919000
0.169973000
0.036437000
0.004545000
0.004011000
0.075035000
0.040232000
0.393848000
0.050053000
0.008551000
0.034740000
0.006285000
0.027834000
0.014467000
0.029999000
0.004985000
0.016609000
0.028404000
0.039979000
0.005166000
0.086664000
0.003280000
0.073264000
0.033160000
0.053831000
0.072217000
0.004407000
0.084110000
0.068951000
0.020674000
0.059483000
0.013473000
0.098136000
0.035952000
0.058378000
0.051443000
0.092521000
0.020524000
