0.000000000
0.106375000
0.009973000
0.115622000
0.069754000
0.134287000
0.120780000
0.054718000
0.060465000
0.594532000
0.159604000
0.210211000
0.004448000
0.004828000
0.042463000
0.171768000
0.008531000
0.124698000
0.003580000
0.007914000
0.088517000
0.081952000
0.022065000
0.004473000
0.003643000
0.003296000
0.003398000
0.003323000
0.162877000
0.163497000
0.005260000
0.021230000
0.003585000
0.152417000
0.006503000
0.184300000
0.017899000
0.011631000
0.003336000
0.003452000
0.004936000
0.004658000
0.004560000
0.153873000
0.004909000
0.003595000
0.031402000
0.117764000
0.005011000
0.004059000
0.066831000
0.004059000
0.008229000
0.007391000
0.018523000
0.014082000
0.071942000
0.005764000
0.017710000
0.006075000
0.169218000
0.052814000
0.003298000
0.115214000
0.086742000
0.291451000
0.161182000
0.238632000
0.151515000
0.084621000
0.262104000
0.205280000
0.211838000
0.125691000
0.363032000
0.204542000
0.293442000
0.201994000
0.134325000
0.261602000
0.293540000
0.329193000
0.345566000
0.342413000
0.197369000
0.075976000
0.052188000
0.003731000
0.003183000
0.047452000
0.126230000
0.006537000
0.567840000
0.008706000
0.034575000
0.099664000
0.002923000
0.005365000
0.006711000
0.013899000
0.002335000
0.002605000
0.002979000
0.003172000
0.002250000
0.019425000
0.005310000
0.004025000
0.051404000
0.053693000
0.083927000
0.116683000
0.120325000
0.018417000
0.004627000
0.003222000
0.002672000
0.002312000
0.050346000
0.062539000
0.050647000
0.118306000
0.111869000
0.030658000
0.003603000
0.002705000
0.002849000
0.034734000
0.019807000
0.087063000
0.008883000
0.148426000
0.038395000
0.026023000
0.041901000
0.140666000
0.009406000
0.064955000
0.104792000
0.119098000
0.051126000
0.019926000
0.075566000
0.149946000
0.041570000
0.136947000
0.124781000
0.146645000
0.183895000
0.085792000
0.084776000
0.020311000
0.005379000
0.035745000
0.368950000
0.159798000
0.187852000
0.305474000
0.107865000
0.215276000
0.102591000
0.018504000
0.058815000
0.019986000
0.006701000
0.112169000
0.064795000
0.056962000
0.050745000
0.006378000
0.033861000
0.041139000
0.312804000
0.027153000
0.035002000
0.005473000
0.020738000
0.024736000
0.004726000
0.018331000
0.005982000
0.036025000
0.024991000
0.049994000
0.106425000
0.037195000
0.038162000
0.037247000
0.034868000
0.034247000
0.022331000
0.061545000
0.021974000
0.093120000
0.065167000
0.078721000
0.020121000
0.065806000
0.043211000
0.033843000
0.074047000
0.093468000
0.108294000
0.064251000
0.006722000
0.049242000
0.020417000
0.020719000
0.077603000
0.034338000
0.006169000
0.051925000
0.032855000
0.073340000
0.024459000
0.050958000
0.068615000
0.038070000
0.022096000
0.080636000
0.021842000
0.047076000
0.019060000
0.037300000
0.007141000
0.004411000
0.111013000
0.048645000
0.041350000
0.035747000
0.019277000
0.026052000
0.032416000
0.004220000
0.003525000
0.037642000
0.022942000
0.041350000
0.035105000
0.119747000
0.019519000
0.019135000
0.051794000
0.024738000
0.230127000
0.076713000
0.021633000
0.051828000
0.007538000
0.030367000
0.035927000
0.006370000
0.103736000
0.019507000
0.006065000
0.058476000
0.037898000
0.038072000
0.078608000
0.067552000
0.007424000
0.067946000
0.005605000
0.067813000
0.127490000
0.006146000
0.055051000
0.004972000
0.101606000
0.013995000
0.031482000
0.060268000
0.058962000
0.072444000
0.007327000
0.056290000
0.032977000
0.104366000
0.006871000
0.054267000
0.069962000
0.040062000
0.059304000
0.026434000
0.043673000
0.085873000
0.009518000
0.056140000
0.051296000
0.072934000
0.033073000
0.078962000
0.012092000
0.102855000
0.020030000
0.087892000
0.003993000
0.070458000
0.041613000
0.024465000
0.081564000
0.054975000
0.028327000
0.075235000
0.023981000
0.059479000
0.047583000
0.034568000
0.127873000
0.057292000
0.003687000
0.020964000
0.065063000
0.050970000
0.066011000
0.041753000
0.026882000
0.054192000
0.080142000
0.031017000
0.062064000
0.044232000
0.053537000
0.025155000
0.051960000
0.052146000
0.068075000
0.076473000
0.081412000
0.032622000
0.003718000
0.043696000
0.042747000
0.087205000
0.019014000
0.084572000
0.026410000
0.055858000
0.042635000
0.040536000
0.061020000
0.056981000
0.057975000
0.027659000
0.082086000
0.047999000
0.022770000
0.056790000
0.041792000
0.056347000
0.052480000
0.049924000
0.074580000
0.027325000
0.062336000
0.065987000
0.047595000
0.034933000
0.033871000
0.053612000
0.050966000
0.048419000
0.051166000
0.047482000
0.056235000
0.049514000
0.075095000
0.056251000
0.019521000
0.046741000
0.146600000
0.046920000
0.003148000
0.007113000
0.082822000
0.037769000
0.033879000
0.063881000
0.034455000
0.050808000
0.050854000
0.049686000
0.052606000
0.068850000
0.031269000
0.051986000
0.050000000
0.064972000
0.035057000
0.052194000
0.048451000
0.051063000
0.051589000
