0.000000000
0.051861000
0.046933000
0.058046000
0.043067000
0.045726000
0.064686000
0.048612000
0.053600000
0.069254000
0.021194000
0.060046000
0.055743000
0.048613000
0.042653000
0.044093000
0.058133000
0.060599000
0.044775000
0.048400000
0.053410000
0.035567000
0.059835000
0.062010000
0.044957000
0.042516000
0.065074000
0.035872000
0.072539000
0.038637000
0.062516000
0.027760000
0.054768000
0.076785000
0.015463000
0.079077000
0.020025000
0.074950000
0.037070000
0.053650000
0.064779000
0.023578000
0.054962000
0.045586000
0.067562000
0.064831000
0.024964000
0.054148000
0.052839000
0.049177000
0.043636000
0.062262000
0.043436000
0.067339000
0.028759000
0.069157000
0.034931000
0.054740000
0.053941000
0.062176000
0.032562000
0.070008000
0.023095000
0.090723000
0.011180000
0.083145000
0.019550000
0.089598000
0.014080000
0.054469000
0.042887000
0.051278000
0.050373000
0.091042000
0.082231000
0.004369000
0.052730000
0.028443000
0.043617000
0.049875000
0.054975000
0.058111000
0.039611000
0.053282000
0.046805000
0.085400000
0.021100000
0.066594000
0.048595000
0.037223000
0.076048000
0.066010000
0.003197000
0.071345000
0.033084000
0.056816000
0.039631000
0.065412000
0.039883000
0.095243000
0.003660000
0.073354000
0.058781000
0.043367000
0.025859000
0.077066000
0.029046000
0.045498000
0.058361000
0.044335000
0.097037000
0.003322000
0.067170000
0.045023000
0.070143000
0.043619000
0.036532000
0.064368000
0.031329000
0.091996000
0.003821000
0.082340000
0.020428000
0.067518000
0.066099000
0.057656000
0.020356000
0.041080000
0.052975000
0.063792000
0.041715000
0.063670000
0.048646000
0.040200000
0.042269000
0.064581000
0.060793000
0.044060000
0.044207000
0.054188000
0.060321000
0.041499000
0.047845000
0.050001000
0.059169000
0.047615000
0.038749000
0.070599000
0.035013000
0.048779000
0.042364000
0.066097000
0.063217000
0.032504000
0.050027000
0.047302000
0.066061000
0.036166000
0.053838000
0.044311000
0.051848000
0.058391000
0.049566000
0.043633000
0.060812000
0.044129000
0.086750000
0.010340000
0.054475000
0.058432000
0.039996000
0.045889000
0.065023000
0.038989000
0.057730000
0.043676000
0.069291000
0.028604000
0.066215000
0.036134000
0.070680000
0.029515000
0.064400000
0.037689000
0.068267000
0.036803000
0.060862000
0.037986000
0.068859000
0.031397000
0.092196000
0.005081000
0.089119000
0.014977000
0.088590000
0.018110000
0.095410000
0.073589000
0.002218000
0.027836000
0.080717000
0.034324000
0.044854000
0.043954000
0.087442000
0.008362000
0.101610000
0.002499000
0.081825000
0.028902000
0.079267000
0.024706000
0.073063000
0.011406000
0.063739000
0.053916000
0.045671000
0.051702000
0.050744000
0.047347000
0.056956000
0.069147000
0.034167000
0.062631000
0.045211000
0.029869000
0.078990000
0.044261000
0.052695000
0.033438000
0.068329000
0.065411000
0.005505000
0.144081000
0.007226000
0.005482000
0.070501000
0.034044000
0.073632000
0.021089000
0.087546000
0.014716000
0.047245000
0.109082000
0.039691000
0.018294000
0.051787000
0.045780000
0.050056000
0.091879000
0.003327000
0.059076000
0.040956000
0.090920000
0.006942000
0.064023000
0.036972000
0.062024000
0.064023000
0.116420000
0.003523000
0.022713000
0.034638000
0.087298000
0.014124000
0.092237000
0.015107000
0.066767000
0.060273000
0.041713000
0.034354000
0.075409000
0.027138000
0.071663000
0.030945000
0.086009000
0.005377000
0.082268000
0.031056000
0.110883000
0.005152000
0.055929000
0.043060000
0.029279000
0.047661000
0.058081000
0.068396000
0.025908000
0.073643000
0.068747000
0.007903000
0.062213000
0.056090000
0.041871000
0.064173000
0.073187000
0.018553000
0.063658000
0.044830000
0.046432000
0.072483000
0.040916000
0.044973000
0.054664000
0.035296000
0.085509000
0.019962000
0.053537000
0.050003000
0.052012000
0.046298000
0.066190000
0.033783000
0.065777000
0.070762000
0.003234000
0.052187000
0.052883000
0.082030000
0.053754000
0.016902000
0.104872000
0.002584000
0.065445000
0.025891000
0.084513000
0.026521000
0.083459000
0.012229000
0.074769000
0.026163000
0.051783000
0.084442000
0.013886000
0.054157000
0.106035000
0.005233000
0.050999000
0.041862000
0.077426000
0.030976000
0.042515000
0.056830000
0.043342000
0.061770000
0.037418000
0.065381000
0.047399000
0.056713000
0.039877000
0.059047000
0.058719000
0.047477000
0.031325000
0.091908000
0.006319000
0.070664000
0.084318000
0.002739000
0.120249000
0.018557000
0.003779000
0.081557000
0.041242000
0.058445000
0.096455000
0.006339000
0.051726000
0.114141000
0.007299000
0.019098000
0.047560000
0.060921000
0.065085000
0.041283000
0.033552000
0.072271000
0.020932000
0.046783000
0.068642000
0.043350000
0.064007000
0.042885000
0.150961000
0.003774000
0.003526000
0.065402000
0.032086000
0.058205000
0.044475000
0.071062000
0.021135000
0.041547000
0.067803000
0.034061000
0.060779000
0.032323000
0.056227000
0.043813000
0.058852000
0.053622000
0.042491000
0.061608000
0.049465000
0.047595000
0.041370000
0.047701000
0.057966000
0.049619000
0.049389000
0.059854000
0.036050000
0.058179000
0.043729000
0.055016000
0.050731000
0.050775000
0.078689000
0.020189000
0.068900000
0.028048000
0.099182000
0.002874000
0.054250000
0.124194000
0.001886000
0.101988000
0.002300000
0.060467000
0.009968000
0.053358000
0.070581000
0.104520000
0.004631000
0.062754000
0.076235000
0.003422000
0.035034000
0.048957000
0.051471000
0.051510000
0.065857000
0.030008000
0.086347000
0.019387000
0.053074000
0.168331000
0.003488000
0.002102000
0.037309000
0.106465000
0.002674000
0.051777000
0.056579000
0.047566000
0.066152000
0.009456000
0.119082000
0.008523000
0.077148000
0.002325000
0.047000000
0.062440000
0.115375000
0.002220000
0.044958000
0.035633000
0.221816000
0.002581000
0.001438000
0.102661000
0.002522000
0.051239000
0.023794000
0.077299000
0.014927000
0.139731000
0.013591000
0.070969000
0.024390000
0.079457000
0.043965000
0.061093000
0.021091000
0.063929000
0.065637000
0.019410000
0.066775000
0.068123000
0.021326000
0.047340000
0.056316000
0.060255000
0.063711000
0.036597000
0.068249000
0.080854000
0.006387000
