0.000000000
0.065503000
0.035054000
0.051351000
0.068811000
0.032251000
0.052588000
0.057680000
0.039171000
0.050483000
0.049697000
0.066238000
0.037638000
0.049746000
0.049999000
0.054351000
0.047572000
0.064168000
0.039209000
0.052342000
0.046640000
0.051407000
0.050422000
0.049707000
0.050678000
0.050844000
0.049882000
0.051049000
0.049947000
0.052312000
0.076657000
0.038153000
0.035074000
0.050994000
0.049921000
0.052583000
0.051438000
0.052576000
0.048265000
0.049898000
0.049315000
0.066405000
0.034068000
0.052432000
0.047380000
0.064686000
0.035829000
0.050787000
0.050990000
0.051325000
0.049243000
0.049765000
0.050805000
0.053559000
0.048772000
0.050310000
0.052354000
0.056316000
0.043459000
0.050160000
0.053058000
0.049268000
0.050257000
0.052001000
0.049846000
0.051055000
0.048080000
0.051950000
0.046920000
0.054926000
0.050053000
0.048424000
0.052957000
0.047345000
0.051182000
0.050773000
0.053109000
0.048543000
0.067163000
0.081757000
0.005669000
0.045774000
0.086785000
0.014222000
0.055101000
0.047142000
0.049988000
0.100030000
0.029972000
0.023970000
0.056080000
0.046098000
0.047730000
0.117160000
0.014003000
0.048358000
0.052125000
0.022247000
0.050290000
0.051049000
0.049593000
0.049220000
0.051664000
0.051554000
0.050889000
0.054133000
0.046633000
0.049113000
0.091789000
0.011547000
0.050679000
0.049601000
0.052445000
0.054077000
0.082237000
0.011624000
0.051206000
0.055017000
0.076433000
0.026867000
0.092591000
0.004087000
0.055722000
0.044242000
0.083593000
0.019380000
0.057007000
0.042446000
0.052608000
0.050129000
0.067735000
0.032130000
0.050026000
0.052581000
0.048767000
0.049037000
0.052620000
0.052709000
0.048285000
0.051043000
0.048669000
0.053256000
0.048089000
0.051997000
0.048641000
0.084063000
0.018620000
0.053712000
0.045855000
0.051760000
0.047367000
0.052903000
0.051024000
0.050935000
0.049059000
0.049130000
0.059439000
0.057410000
0.035046000
0.054458000
0.050388000
0.044882000
0.052642000
0.090505000
0.009384000
0.051089000
0.050931000
0.049605000
0.054117000
0.059993000
0.038612000
0.049799000
0.049454000
0.051099000
0.052258000
0.049691000
0.054103000
0.047726000
0.049812000
0.047814000
0.053013000
0.051970000
0.050642000
0.048585000
0.052011000
0.050682000
0.048928000
0.051031000
0.052383000
0.049976000
0.051472000
0.050835000
0.051475000
0.061217000
0.036473000
0.051248000
0.065901000
0.125984000
0.023177000
0.004098000
0.037584000
0.045713000
0.049241000
0.051788000
0.051868000
0.048135000
0.051266000
0.050015000
0.050000000
0.049980000
0.052443000
0.051594000
0.048900000
0.070084000
0.038372000
0.058610000
0.045155000
0.094877000
0.008552000
0.038914000
0.104656000
0.004217000
0.060353000
0.036771000
0.046546000
0.049980000
0.050369000
0.050206000
0.063147000
0.039283000
0.052068000
0.085295000
0.015670000
0.051340000
0.084180000
0.033116000
0.031424000
0.049982000
0.053198000
0.049770000
0.085630000
0.024051000
0.042281000
0.083339000
0.022402000
0.061570000
0.082709000
0.005040000
0.048567000
0.051396000
0.052362000
0.049306000
0.108369000
0.059974000
0.006943000
0.024835000
0.049255000
0.051764000
0.052407000
0.060117000
0.037657000
0.054315000
0.047332000
0.051919000
0.050637000
0.064163000
0.043551000
0.044871000
0.049859000
0.051811000
0.078576000
0.026212000
0.056152000
0.035227000
0.054933000
0.047453000
0.052182000
0.051895000
0.062968000
0.037008000
0.049537000
0.051386000
0.048758000
0.071193000
0.029300000
0.051312000
0.051675000
0.049832000
0.051037000
0.050021000
0.050057000
0.056221000
0.042715000
0.054886000
0.049018000
0.067898000
0.034882000
0.051586000
0.049726000
0.047406000
0.052946000
0.049669000
0.050895000
0.050059000
0.050615000
0.051059000
0.052392000
0.048204000
0.064578000
0.074757000
0.067651000
0.010055000
0.053227000
0.030336000
0.068331000
0.033445000
0.052840000
0.049529000
0.050066000
0.052294000
0.057681000
0.040001000
0.053119000
0.053527000
0.050125000
0.059648000
0.040882000
0.063487000
0.037903000
0.052334000
0.048677000
0.049488000
0.051833000
0.052039000
0.046540000
0.051430000
0.052646000
0.049681000
0.049816000
0.052920000
0.050841000
0.049561000
0.051268000
0.060179000
0.041362000
0.048302000
0.048575000
0.052360000
0.058181000
0.054315000
0.036587000
0.069175000
0.037169000
0.077904000
0.086015000
0.003421000
0.029737000
0.241682000
0.023323000
0.003655000
0.026371000
0.055349000
0.041515000
0.005783000
0.046181000
0.042923000
0.026813000
0.051445000
0.051368000
0.041618000
0.057025000
0.045342000
0.053266000
0.056731000
0.065547000
0.061894000
0.031170000
0.075445000
0.008664000
0.135944000
0.066992000
0.030064000
0.079907000
0.003207000
0.049031000
0.080114000
0.021045000
0.058783000
0.044511000
0.046620000
0.082723000
0.005769000
0.072359000
0.081010000
0.031869000
0.023570000
0.067569000
0.026835000
0.055270000
0.049594000
0.052266000
0.049162000
0.049858000
0.046952000
0.049974000
0.054976000
0.050595000
0.052652000
0.048498000
0.046948000
0.068453000
0.033296000
0.064581000
0.038294000
0.047755000
0.052699000
0.051252000
0.050023000
0.046364000
0.055087000
0.053491000
0.116350000
0.006812000
0.067938000
0.005122000
0.051299000
0.048883000
0.049873000
0.051511000
0.050301000
0.049625000
0.102317000
0.000986000
0.051173000
0.062847000
0.036113000
0.108068000
0.048736000
0.002046000
0.044328000
0.051718000
0.047251000
0.049858000
0.054345000
0.050362000
0.059102000
0.040116000
0.064464000
0.040819000
0.048700000
0.079980000
0.032129000
0.038020000
0.053658000
0.046332000
0.049917000
0.050596000
0.054469000
0.066728000
0.031384000
0.065525000
0.033795000
0.070864000
0.032789000
0.064821000
0.035174000
0.050167000
0.052203000
0.054212000
0.047999000
0.048125000
0.050977000
0.062245000
0.037913000
0.050998000
0.050017000
0.050101000
0.050567000
0.052640000
0.048001000
0.049695000
0.054037000
0.047771000
0.089932000
0.080208000
0.053191000
0.053911000
0.089974000
0.079005000
0.006542000
0.020858000
0.002255000
0.041685000
0.038119000
0.063690000
0.051005000
0.048838000
0.067051000
0.036958000
