0.000000000
0.013793000
0.107072000
0.033630000
0.021453000
0.157178000
0.027742000
0.020005000
0.006718000
0.153075000
0.070147000
0.005175000
0.025737000
0.025074000
0.048124000
0.085408000
0.008445000
0.049128000
0.078967000
0.007608000
0.036777000
0.166794000
0.028688000
0.003283000
0.040920000
0.004017000
0.140944000
0.054547000
0.008425000
0.019053000
0.063833000
0.023957000
0.168644000
0.073488000
0.032218000
0.065693000
0.002569000
0.015780000
0.006382000
0.303360000
0.071623000
0.005011000
0.004751000
0.003640000
0.005335000
0.002733000
0.012805000
0.023059000
0.072440000
0.044693000
0.049017000
0.052250000
0.068889000
0.031795000
0.112298000
0.006464000
0.048489000
0.073030000
0.054546000
0.047164000
0.048173000
0.054608000
0.011028000
0.040112000
0.051822000
0.119294000
0.004985000
0.022722000
0.129854000
0.078353000
0.009068000
0.086694000
0.033305000
0.038065000
0.064458000
0.004405000
0.069835000
0.016803000
0.024909000
0.175085000
0.048170000
0.013778000
0.026395000
0.062113000
0.085592000
0.025402000
0.016291000
0.030205000
0.032541000
0.058275000
0.055239000
0.024570000
0.056906000
0.088847000
0.114609000
0.056543000
0.156703000
0.004736000
0.169971000
0.057094000
0.006509000
0.002978000
0.004676000
0.038603000
0.048059000
0.068857000
0.009751000
0.008644000
0.105848000
0.006551000
0.003062000
0.090557000
0.010906000
0.024978000
0.073703000
0.107582000
0.077298000
0.010082000
0.038433000
0.014232000
0.047355000
0.035945000
0.077091000
0.005003000
0.053844000
0.090468000
0.070988000
0.127497000
0.058425000
0.115438000
0.029289000
0.091697000
0.034278000
0.062862000
0.049094000
0.055002000
0.121994000
0.155046000
0.013728000
0.009574000
0.084028000
0.027730000
0.057361000
0.013555000
0.010989000
0.004938000
0.030082000
0.037110000
0.011159000
0.035464000
0.016264000
0.018690000
0.021359000
0.044987000
0.016577000
0.140408000
0.059612000
0.031585000
0.027143000
0.013447000
0.095967000
0.136261000
0.046806000
0.010282000
0.040181000
0.036476000
0.029216000
0.078789000
0.059411000
0.044817000
0.056719000
0.027515000
0.023027000
0.017730000
0.041995000
0.119379000
0.073722000
0.006349000
0.045726000
0.038657000
0.006647000
0.100280000
0.051892000
0.006881000
0.125409000
0.123869000
0.003260000
0.054973000
0.052999000
0.007387000
0.072587000
0.019917000
0.023123000
0.035074000
0.007044000
0.102887000
0.043872000
0.003274000
0.178701000
0.002955000
0.078284000
0.057663000
0.019682000
0.039680000
0.062366000
0.072594000
0.019944000
0.093534000
0.056468000
0.081465000
0.003554000
0.031444000
0.008697000
0.057194000
0.087660000
0.019980000
0.155471000
0.083133000
0.036642000
0.014259000
0.042029000
0.075866000
0.021906000
0.072690000
0.086607000
0.009250000
0.074557000
0.053937000
0.032442000
0.040305000
0.065156000
0.056783000
0.049613000
0.024184000
0.022451000
0.022942000
0.026822000
0.040335000
0.139664000
0.028575000
0.104110000
0.045240000
0.037863000
0.024215000
0.090004000
0.050001000
0.020643000
0.016621000
0.062755000
0.147630000
0.020899000
0.074077000
0.092419000
0.035700000
0.104268000
0.418322000
0.191908000
0.003396000
0.006393000
0.045932000
0.005762000
0.004352000
0.055524000
0.144953000
0.060823000
0.005060000
0.003530000
0.069068000
0.025056000
0.007732000
0.142243000
0.015026000
0.077724000
0.004659000
0.193940000
0.027655000
0.074526000
0.060221000
0.697264000
0.085814000
0.060885000
0.063306000
0.005020000
0.471403000
0.087153000
0.212760000
0.085224000
0.167466000
0.007733000
0.066487000
0.006780000
0.005005000
0.037640000
0.144591000
0.038695000
0.224918000
0.096870000
0.007543000
0.051286000
0.132402000
0.023309000
0.039437000
0.093338000
0.053891000
0.096113000
0.040034000
0.027306000
0.020745000
0.034927000
0.019471000
0.060436000
0.038549000
0.025737000
0.063231000
0.019568000
0.052225000
0.026235000
0.022570000
0.021941000
0.037065000
0.017134000
0.109943000
0.020493000
0.004983000
0.029118000
0.069306000
0.053025000
0.042011000
0.005022000
0.112814000
0.008501000
0.099746000
0.037312000
0.004998000
0.048788000
0.005066000
0.076835000
0.008617000
0.005919000
0.004455000
0.022951000
0.032424000
0.050649000
0.018880000
0.083098000
0.046846000
0.027058000
0.062031000
0.029906000
0.006777000
0.023212000
0.202562000
0.005417000
0.060274000
0.078217000
0.026117000
0.096314000
0.007206000
0.035010000
0.005304000
0.004774000
0.061269000
0.006870000
0.004866000
0.094582000
0.012339000
0.076000000
0.002505000
0.005608000
0.049971000
0.035957000
0.106992000
0.028818000
0.072878000
0.060778000
0.065712000
0.009659000
0.036528000
0.047752000
0.091546000
0.078633000
0.052086000
0.038289000
0.004058000
0.042946000
0.048419000
0.137889000
0.003707000
0.062292000
0.003410000
0.051596000
0.040005000
0.067039000
0.013045000
0.045506000
0.070797000
0.043650000
0.150783000
0.005085000
0.002534000
0.039700000
0.090350000
0.006526000
0.108132000
0.006872000
0.047750000
0.062608000
0.051710000
0.054321000
0.014403000
0.071318000
0.080008000
0.029527000
0.033598000
0.057762000
0.059199000
0.032865000
0.063954000
0.026062000
0.055747000
0.060230000
0.047984000
0.047796000
0.060361000
0.094979000
0.008733000
0.041650000
0.052468000
0.038567000
0.042674000
0.079383000
0.022472000
0.057099000
0.051365000
0.041671000
0.108826000
0.004558000
0.043771000
0.080642000
0.020459000
0.080428000
0.044124000
0.056945000
0.021426000
0.050062000
0.088818000
0.009265000
0.048883000
0.075270000
0.060465000
0.045911000
0.069255000
0.022422000
0.066302000
0.008961000
0.087041000
0.058884000
0.015100000
0.107073000
0.025291000
0.046210000
0.049227000
0.062595000
0.036614000
0.051849000
0.058192000
