0.000000000
0.058405000
0.047702000
0.058918000
0.032859000
0.084032000
0.043924000
0.021689000
0.057470000
0.088987000
0.019105000
0.059219000
0.040593000
0.098934000
0.055997000
0.062942000
0.063956000
0.069855000
0.075739000
0.099928000
0.072859000
0.075724000
0.083266000
0.080455000
0.078339000
0.084925000
0.087973000
0.004559000
0.044655000
0.005212000
0.079725000
0.094119000
0.095808000
0.089253000
0.091900000
0.058029000
0.010098000
0.011820000
0.026241000
0.036887000
0.005023000
0.048119000
0.018538000
0.021575000
0.004145000
0.043132000
0.127464000
0.062154000
0.039836000
0.065012000
0.050001000
0.201542000
0.038473000
0.148515000
0.026554000
0.100955000
0.067684000
0.061121000
0.068452000
0.083831000
0.086565000
0.047343000
0.124997000
0.077578000
0.060076000
0.065488000
0.048888000
0.061000000
0.074115000
0.094803000
0.080446000
0.035777000
0.045227000
0.061918000
0.082091000
0.049680000
0.049197000
0.080432000
0.004358000
0.020232000
0.021058000
0.002668000
0.003002000
0.008858000
0.026774000
0.024373000
0.046434000
0.004674000
0.056865000
0.041482000
0.008612000
0.045896000
0.019011000
0.046301000
0.004552000
0.023213000
0.017528000
0.038446000
0.035169000
0.022340000
0.037496000
0.004980000
0.039992000
0.017408000
0.035775000
0.012847000
0.067333000
0.032751000
0.019214000
0.034678000
0.051444000
0.043821000
0.018481000
0.044278000
0.037000000
0.028843000
0.057655000
0.022302000
0.041697000
0.007030000
0.061420000
0.066905000
0.069211000
0.005445000
0.052299000
0.050899000
0.038801000
0.051503000
0.059282000
0.053404000
0.148553000
0.038493000
0.077051000
0.050779000
0.020597000
0.084232000
0.077847000
0.020701000
0.065115000
0.039946000
0.022889000
0.055963000
0.030749000
0.024677000
0.116693000
0.127175000
0.169775000
0.097713000
0.144827000
0.194210000
0.153828000
0.105993000
0.121681000
0.108859000
0.086498000
0.159467000
0.134094000
0.125269000
0.130012000
0.087717000
0.169919000
0.140441000
0.129146000
0.335081000
0.074862000
0.085936000
0.114520000
0.112730000
0.103258000
0.089922000
0.086361000
0.086847000
0.090659000
0.086259000
0.109065000
0.693989000
1.242981000
0.141149000
0.056449000
0.550739000
0.073869000
0.086699000
0.144319000
0.115249000
0.164256000
0.100985000
0.109256000
0.023129000
0.004418000
0.004353000
0.044025000
0.125454000
0.311729000
0.018133000
0.065186000
0.018808000
0.123522000
0.007047000
0.035739000
0.053814000
0.004859000
0.031601000
0.006545000
0.005704000
0.042186000
0.064978000
0.037563000
0.042445000
0.027058000
0.087976000
0.075960000
0.025023000
0.035005000
0.067002000
0.085727000
0.077929000
0.021544000
0.006426000
0.045457000
0.064284000
0.023558000
0.042366000
0.020193000
0.043994000
0.004526000
0.012880000
0.040931000
0.004744000
0.056429000
0.036977000
0.083025000
0.051568000
0.084233000
0.054230000
0.019994000
0.066243000
0.009230000
0.036527000
0.081382000
0.324160000
0.119476000
0.069013000
0.046042000
0.232984000
0.022001000
0.010429000
0.044313000
0.025920000
0.008764000
0.013211000
0.038899000
0.007464000
0.079965000
0.058006000
0.023139000
0.057924000
0.028544000
0.137667000
0.120262000
0.126586000
0.054236000
0.041601000
0.052061000
0.120745000
0.076693000
0.025034000
0.065309000
0.009496000
0.050819000
0.055306000
0.047973000
0.058685000
0.027928000
0.048934000
0.011387000
0.161307000
0.151669000
0.204752000
0.135824000
0.254704000
0.126515000
0.146321000
0.133065000
0.145992000
0.120383000
0.137294000
0.159618000
0.130030000
0.141128000
0.774230000
0.360764000
0.094719000
0.400156000
0.060188000
0.005218000
0.110976000
0.169888000
0.049649000
0.034947000
0.048118000
0.048393000
0.028424000
0.052191000
0.019372000
0.057803000
0.019188000
0.033623000
0.054399000
0.017708000
0.002613000
0.051604000
0.003637000
0.004770000
0.002598000
0.004343000
0.052793000
0.003386000
0.004062000
0.034269000
0.023212000
0.042363000
0.095174000
0.073855000
0.090080000
0.077400000
0.052762000
0.077492000
0.054234000
0.111699000
0.045998000
0.036942000
0.053030000
0.002859000
0.004294000
0.028433000
0.034450000
0.005740000
0.006333000
0.010820000
0.024768000
0.019690000
