0.000000000
0.092606000
0.020004000
0.049965000
0.076793000
0.063236000
0.057050000
0.066530000
0.047163000
0.054421000
0.037457000
0.019377000
0.033531000
0.017658000
0.052545000
0.054236000
0.065905000
0.080091000
0.023063000
0.137683000
0.006447000
0.004669000
0.088163000
0.007357000
0.085542000
0.005024000
0.063064000
0.082339000
0.004536000
0.063166000
0.119009000
0.006509000
0.062247000
0.005484000
0.105481000
0.005019000
0.083302000
0.004541000
0.069264000
0.060365000
0.033821000
0.081702000
0.008265000
0.050656000
0.078371000
0.044536000
0.057631000
0.052267000
0.040223000
0.056338000
0.081097000
0.005520000
0.114492000
0.004948000
0.065965000
0.111780000
0.073075000
0.048175000
0.058927000
0.067045000
0.072173000
0.054914000
0.144562000
0.079196000
0.077782000
0.073635000
0.077744000
0.078464000
0.047920000
0.072230000
0.026383000
0.003380000
0.003463000
0.003482000
0.034943000
0.049751000
0.003210000
0.025850000
0.229886000
0.003409000
0.013672000
0.038639000
0.004858000
0.012767000
0.036331000
0.080854000
0.004867000
0.004132000
0.042645000
0.004904000
0.031400000
0.060036000
0.008535000
0.120470000
0.004566000
0.054959000
0.088438000
0.007280000
0.067025000
0.053840000
0.083456000
0.081259000
0.066044000
0.004054000
0.004093000
0.077269000
0.004443000
0.053143000
0.055909000
0.074213000
0.005799000
0.074833000
0.030379000
0.099577000
0.013554000
0.073431000
0.016318000
0.062583000
0.065178000
0.057047000
0.010136000
0.076936000
0.062289000
0.012658000
0.061637000
0.074220000
0.020011000
0.050464000
0.049325000
0.054211000
0.060517000
0.038114000
0.076045000
0.049075000
0.065322000
0.019829000
0.069120000
0.030009000
0.040029000
0.079989000
0.069984000
0.063559000
0.005275000
0.051417000
0.042560000
0.069548000
0.039539000
0.051983000
0.048639000
0.038827000
0.044653000
0.050666000
0.071781000
0.042568000
0.041045000
0.056361000
0.069406000
0.055027000
0.018156000
0.091172000
0.009828000
0.045015000
0.069556000
0.056346000
0.040188000
0.043964000
0.072596000
0.061354000
0.007004000
0.076887000
0.055412000
0.059969000
0.064697000
0.015647000
0.069651000
0.026182000
0.065427000
0.096152000
0.003884000
0.086740000
0.019540000
0.060039000
0.013572000
0.079364000
0.056891000
0.043272000
0.100456000
0.077390000
0.087840000
0.037714000
0.048761000
0.048572000
0.051720000
0.009716000
0.061617000
0.051973000
0.005956000
0.048971000
0.063338000
0.048177000
0.038547000
0.027381000
0.029052000
0.056094000
0.052292000
0.072086000
0.049882000
0.068140000
0.036948000
0.045239000
0.034786000
0.090416000
0.018677000
0.063395000
0.021634000
0.057732000
0.083279000
0.150972000
0.073573000
0.004790000
0.082917000
0.058741000
0.087151000
0.026410000
0.057832000
0.021046000
0.069288000
0.088288000
0.151322000
0.058655000
0.006924000
0.038193000
0.216681000
0.028231000
0.100251000
0.147981000
0.073479000
0.068824000
0.154472000
0.123678000
0.067897000
0.111842000
0.055193000
0.047381000
0.092310000
0.062774000
0.109903000
0.175187000
0.162370000
0.316506000
0.020098000
0.014469000
0.324473000
0.014997000
0.017585000
0.038229000
0.104985000
0.006752000
0.097501000
0.023632000
0.041306000
0.010719000
0.041128000
0.008155000
0.075688000
0.021119000
0.023204000
0.034973000
0.021125000
0.105580000
0.084744000
0.029273000
0.116387000
0.024523000
0.076469000
0.019970000
0.008998000
0.168956000
0.098710000
0.045495000
0.041805000
0.050025000
0.023137000
0.100365000
0.010342000
0.186160000
0.107476000
0.087751000
0.083430000
0.051349000
0.065009000
0.082631000
0.080415000
0.067969000
0.067618000
0.297424000
0.097745000
0.109477000
0.133763000
0.137487000
0.190624000
0.327423000
1.006443000
0.970110000
0.060579000
0.052899000
0.098485000
0.087602000
0.134477000
0.022935000
0.073587000
0.067724000
0.060909000
0.036247000
0.022149000
0.065867000
0.078532000
0.046627000
0.005937000
0.048448000
0.003866000
0.006118000
0.013831000
0.034984000
0.034919000
0.003478000
0.008605000
0.069413000
0.009861000
0.011822000
0.091363000
0.039272000
0.007472000
0.040095000
0.004914000
0.022878000
0.008039000
0.051236000
0.012825000
0.085046000
0.031219000
0.057772000
0.073807000
0.005495000
0.116680000
0.020708000
0.072162000
0.023576000
0.081251000
0.052327000
0.005000000
0.056023000
0.064021000
0.089681000
0.055154000
0.030972000
0.036175000
0.036966000
0.081409000
0.006610000
0.087822000
0.006131000
0.098016000
0.009014000
0.130869000
0.005221000
0.032543000
0.049361000
0.030753000
0.087644000
0.004129000
0.045752000
0.076446000
0.050965000
0.042629000
0.045275000
0.049694000
0.038884000
0.045767000
0.080236000
0.022111000
0.048441000
0.108311000
0.005034000
0.044386000
0.044772000
0.054796000
0.047055000
0.052161000
0.048513000
0.050666000
0.050209000
0.061488000
0.069972000
0.016968000
0.073377000
0.031639000
0.053941000
0.086982000
0.006859000
0.052213000
0.065016000
0.056380000
0.053605000
0.045062000
0.063074000
0.048349000
0.028657000
0.057893000
0.059654000
