0.000000000
0.025371000
0.059510000
0.049441000
0.035863000
0.071534000
0.046068000
0.070933000
0.057978000
0.028107000
0.028649000
0.128402000
0.001795000
0.081306000
0.002758000
0.269737000
0.002664000
0.038435000
0.003519000
0.002941000
0.002321000
0.031922000
0.066855000
0.163929000
0.003301000
0.001455000
0.022550000
0.052480000
0.068377000
0.021141000
0.078087000
0.022938000
0.058212000
0.052860000
0.098947000
0.002108000
0.041779000
0.078884000
0.036954000
0.120049000
0.001839000
0.014453000
0.400945000
0.006568000
0.004090000
0.002625000
0.002665000
0.006168000
0.001676000
0.001771000
0.035767000
0.077280000
0.048469000
0.020390000
0.057062000
0.058456000
0.045694000
0.040539000
0.096451000
0.004414000
0.059446000
0.043434000
0.181027000
0.001667000
0.002275000
0.308103000
0.001608000
0.002130000
0.004589000
0.002132000
0.003380000
0.002186000
0.071409000
0.241413000
0.034146000
0.002415000
0.002564000
0.002493000
0.002547000
0.118295000
0.004928000
0.089109000
0.002166000
0.377060000
0.004506000
0.024924000
0.003513000
0.004541000
0.006738000
0.005422000
0.006783000
0.016001000
0.081284000
0.009045000
0.115737000
0.003939000
0.050936000
0.090049000
0.001429000
0.109252000
0.004323000
0.032061000
0.080757000
0.035003000
0.070014000
0.016274000
0.071929000
0.028401000
0.077654000
0.040957000
0.103416000
0.032952000
0.216959000
0.002310000
0.005068000
0.009296000
0.020795000
0.082465000
0.022791000
0.076187000
0.035870000
0.120036000
0.002400000
0.009811000
0.083728000
0.048269000
0.226538000
0.002784000
0.004946000
0.002413000
0.023203000
0.021375000
0.050080000
0.107471000
0.014050000
0.025028000
0.055972000
0.050683000
0.048124000
0.052638000
0.320604000
0.020596000
0.021631000
0.007605000
0.005044000
0.005211000
0.007670000
0.012778000
0.054829000
0.130517000
0.017691000
0.009675000
0.056523000
0.090375000
0.008634000
0.049011000
0.170020000
0.002996000
0.002264000
0.126894000
0.005348000
0.004177000
0.053297000
0.025490000
0.054829000
0.046203000
0.071045000
0.040145000
0.046178000
0.074315000
0.198832000
0.001917000
0.003077000
0.002907000
0.352547000
0.008569000
0.006551000
0.002453000
0.002347000
0.002362000
0.005074000
0.004166000
0.060584000
0.096028000
0.007280000
0.881290000
0.016078000
0.017789000
0.001798000
0.004283000
0.003978000
0.004994000
0.023207000
0.005296000
0.002447000
0.002380000
0.002354000
0.006679000
0.008466000
0.005091000
0.005900000
0.006136000
0.015259000
0.004117000
0.014051000
0.017346000
0.048428000
0.046853000
0.078907000
0.035084000
0.058956000
0.038446000
0.045366000
0.054269000
0.050626000
0.041228000
0.053290000
0.047291000
0.361105000
0.003411000
0.001944000
0.005426000
0.002698000
0.003795000
0.002683000
0.330283000
0.004176000
0.001926000
0.003089000
0.006970000
0.004830000
0.005797000
0.106320000
0.004374000
0.050188000
0.023100000
0.044139000
0.051777000
0.068238000
0.036422000
0.053869000
0.748030000
0.004587000
0.006531000
0.012481000
0.018120000
0.005345000
0.002822000
0.018562000
0.003216000
0.004435000
0.002648000
0.022280000
0.006587000
0.005720000
0.028996000
0.003710000
0.003754000
0.004733000
0.070783000
0.073133000
0.007438000
0.072662000
0.042322000
0.063646000
0.055661000
0.034637000
0.064555000
0.055899000
0.021611000
0.047123000
0.050283000
0.055553000
0.076117000
0.023473000
0.192702000
0.003467000
0.004728000
0.004657000
0.071822000
0.088298000
0.022244000
0.012675000
0.070005000
0.058871000
0.027569000
0.083557000
0.020850000
0.042700000
0.106542000
0.002649000
0.046088000
0.057121000
0.097087000
0.049794000
0.032209000
0.013647000
0.116326000
0.005071000
0.434538000
0.002986000
0.002806000
0.003628000
0.028198000
0.005317000
0.004111000
0.004030000
0.011750000
0.004324000
0.140933000
0.003048000
0.003935000
0.059458000
0.092237000
0.003387000
0.045051000
0.574107000
0.002930000
0.006210000
0.030402000
0.003233000
0.004147000
0.003836000
0.007089000
0.013066000
0.006101000
0.012127000
0.006876000
0.003458000
0.029756000
0.146547000
0.033407000
0.003800000
0.019989000
0.068631000
0.044734000
0.061209000
0.122441000
0.019944000
0.020622000
0.017048000
0.051559000
0.056042000
0.041506000
0.411740000
0.024494000
0.004250000
0.010834000
0.006486000
0.005736000
0.008357000
0.013572000
0.008380000
0.135592000
0.003296000
0.005669000
0.051434000
0.050083000
0.044947000
0.057138000
0.134782000
0.006666000
0.012223000
0.034199000
0.057398000
0.194154000
0.008631000
0.035663000
0.003780000
0.003363000
0.679625000
0.009930000
0.005642000
0.005393000
0.007105000
0.008464000
0.007801000
0.005734000
0.013007000
0.011054000
0.004925000
0.005013000
0.004983000
0.017706000
0.005067000
0.039241000
0.020756000
0.078174000
0.167454000
0.004583000
0.003879000
0.003907000
0.059932000
0.086248000
0.032076000
0.527020000
0.002775000
0.003122000
0.002395000
0.002472000
0.032175000
0.003761000
0.002202000
0.005076000
0.003119000
0.004242000
0.003665000
0.081630000
0.002027000
0.059289000
0.089864000
0.002069000
0.086176000
0.023272000
0.057843000
0.050584000
0.206584000
0.005273000
0.003464000
0.003025000
0.059418000
0.010011000
0.068448000
0.140402000
0.002176000
0.004524000
0.395907000
0.002196000
0.001904000
0.001898000
0.003389000
0.005717000
0.003136000
0.004438000
0.032564000
0.052831000
0.043274000
0.055607000
0.127118000
0.002859000
0.062383000
0.006133000
0.094569000
0.015474000
0.083112000
0.005425000
0.092216000
0.045445000
0.031422000
0.049630000
0.054540000
0.059766000
0.046387000
0.031081000
0.063164000
0.041220000
0.045791000
0.055412000
0.069720000
0.025414000
0.053539000
0.103712000
0.003500000
0.058771000
0.037868000
0.086925000
0.017154000
0.059935000
0.182448000
0.002575000
0.003115000
0.025817000
0.042101000
0.051423000
0.041368000
0.054212000
0.064387000
0.021428000
0.177027000
0.001924000
0.001982000
0.037790000
0.052617000
0.077551000
0.006684000
0.180741000
0.004293000
0.001839000
0.036431000
0.185285000
0.001858000
0.004598000
0.001808000
0.088239000
0.003603000
0.071682000
0.028552000
0.063243000
0.049416000
