0.000000000
0.105926000
0.069128000
0.007175000
0.053376000
0.016730000
0.047744000
0.074636000
0.055382000
0.017638000
0.056585000
0.089531000
0.006502000
0.054444000
0.049930000
0.045667000
0.058301000
0.049064000
0.048543000
0.053656000
0.052996000
0.045388000
0.051008000
0.047317000
0.053450000
0.056746000
0.049812000
0.105621000
0.018180000
0.027285000
0.064740000
0.135777000
0.037648000
0.005841000
0.020947000
0.029917000
0.053527000
0.051276000
0.053644000
0.045302000
0.081914000
0.018992000
0.051321000
0.052728000
0.049669000
0.051745000
0.055930000
0.045002000
0.049903000
0.043925000
0.055972000
0.058338000
0.045019000
0.044884000
0.053622000
0.051425000
0.053300000
0.051706000
0.048132000
0.067729000
0.031622000
0.067500000
0.041894000
0.045324000
0.047831000
0.051695000
0.050359000
0.059513000
0.045501000
0.061019000
0.033577000
0.052353000
0.052350000
0.046577000
0.054821000
0.046764000
0.056423000
0.048013000
0.050309000
0.046706000
0.057677000
0.053298000
0.046510000
0.048512000
0.095057000
0.036908000
0.110073000
0.002963000
0.003335000
0.063195000
0.041066000
0.046890000
0.055580000
0.052047000
0.048877000
0.053674000
0.044762000
0.055736000
0.051985000
0.046021000
0.046379000
0.056392000
0.048505000
0.049623000
0.056835000
0.134572000
0.088753000
0.052844000
0.007530000
0.002474000
0.028468000
0.040359000
0.102956000
0.050452000
0.008744000
0.139978000
0.036000000
0.002612000
0.006836000
0.060164000
0.046211000
0.045818000
0.058374000
0.085374000
0.006111000
0.118770000
0.017757000
0.069577000
0.002945000
0.049502000
0.052376000
0.048433000
0.050307000
0.047134000
0.057217000
0.048018000
0.048217000
0.054280000
0.047007000
0.060001000
0.040279000
0.055079000
0.043680000
0.080326000
0.029167000
0.048311000
0.085870000
0.009784000
0.058771000
0.044738000
0.056541000
0.114413000
0.011576000
0.020601000
0.046885000
0.103393000
0.035836000
0.013982000
0.054482000
0.050232000
0.073483000
0.030871000
0.045699000
0.053351000
0.046018000
0.053458000
0.046549000
0.049390000
0.063418000
0.040259000
0.048580000
0.055112000
0.045621000
0.055015000
0.049581000
0.053498000
0.051187000
0.049998000
0.045030000
0.072450000
0.028925000
0.060004000
0.053701000
0.046266000
0.047606000
0.052438000
0.047457000
0.049353000
0.054948000
0.045472000
0.054676000
0.045486000
0.088829000
0.017352000
0.053741000
0.051383000
0.050403000
0.050363000
0.047222000
0.056271000
0.046435000
0.052295000
0.046738000
0.055422000
0.045204000
0.081640000
0.020956000
0.080873000
0.017277000
0.055138000
0.046744000
0.055642000
0.063841000
0.035443000
0.049695000
0.048243000
0.051172000
0.053722000
0.049245000
0.049989000
0.070046000
0.030936000
0.050038000
0.049975000
0.053122000
0.054470000
0.062333000
0.052915000
0.035615000
0.053985000
0.051076000
0.060785000
0.038783000
0.047209000
0.055130000
0.050976000
0.050277000
0.049283000
0.050245000
0.064868000
0.032697000
0.074133000
0.023632000
0.069074000
0.040227000
0.052886000
0.044627000
0.053511000
0.046495000
0.059795000
0.046935000
0.050470000
0.049540000
0.048248000
0.054047000
0.048168000
0.063159000
0.041499000
0.063030000
0.043258000
0.045760000
0.047809000
0.048628000
0.053491000
0.052154000
0.042799000
0.075470000
0.038087000
0.066358000
0.027987000
0.069645000
0.051631000
0.033077000
0.047623000
0.052884000
0.058742000
0.057787000
0.030402000
0.056391000
0.050144000
0.052654000
0.043075000
0.048831000
0.052210000
0.058412000
0.046551000
0.047398000
0.053667000
0.051817000
0.048615000
0.048510000
0.055152000
0.049921000
0.048770000
0.053170000
0.053081000
0.040584000
0.049725000
0.059601000
0.042784000
0.059278000
0.066919000
0.034731000
0.048661000
0.049943000
0.063692000
0.036824000
0.054416000
0.048783000
0.064976000
0.032980000
0.049468000
0.053975000
0.049958000
0.048668000
0.068778000
0.029000000
0.059456000
0.041527000
0.056504000
0.048000000
0.072722000
0.131806000
0.024250000
0.006915000
0.019965000
0.053108000
0.046085000
0.052598000
0.049743000
0.056544000
0.063284000
0.032013000
0.052923000
0.045485000
0.049611000
0.050031000
0.051712000
0.073708000
0.047224000
0.046927000
0.041199000
0.046549000
0.066334000
0.027538000
0.064071000
0.046703000
0.054886000
0.061943000
0.041523000
0.039047000
0.055904000
0.066770000
0.044124000
0.056171000
0.034320000
0.055454000
0.049257000
0.045452000
0.054910000
0.046971000
0.048732000
0.045838000
0.055141000
0.056405000
0.045604000
0.052483000
0.053119000
0.045495000
0.046515000
0.054127000
0.053924000
0.050409000
0.055487000
0.060748000
0.063799000
0.016107000
0.069398000
0.043769000
0.048203000
0.042949000
0.056079000
0.110071000
0.005115000
0.047516000
0.041916000
0.048585000
0.048175000
0.056329000
0.047531000
0.063948000
0.033565000
0.066884000
0.035312000
0.047691000
0.049428000
0.052686000
0.045873000
0.049855000
0.054817000
0.052155000
0.048080000
0.052587000
0.057318000
0.037029000
0.063193000
0.061564000
0.047513000
0.033887000
0.066479000
0.036777000
0.045053000
0.048375000
0.055533000
0.065364000
0.053238000
0.101765000
0.002844000
0.030238000
0.051485000
0.059007000
0.041997000
0.051926000
0.050463000
0.057589000
0.043284000
0.046711000
0.055558000
0.064441000
0.045847000
0.055678000
0.041970000
0.042912000
0.054941000
0.049132000
0.054740000
0.043295000
0.047509000
0.055266000
0.048681000
0.051097000
0.047481000
0.049984000
0.047516000
0.052332000
0.050256000
0.053963000
0.050010000
0.052921000
0.048029000
0.053547000
0.046581000
0.056646000
0.049543000
0.048246000
0.047080000
0.060361000
0.042536000
0.059634000
0.085131000
0.004223000
0.056159000
0.048869000
0.063928000
0.038311000
0.051604000
0.046704000
0.082208000
0.017195000
0.053178000
0.053326000
0.049479000
0.054727000
0.060320000
0.041485000
0.047330000
0.052192000
0.048525000
0.050207000
0.048030000
0.049327000
0.091875000
0.009253000
0.055777000
0.047996000
0.053362000
0.051728000
0.046747000
0.049817000
0.048410000
0.053444000
0.050499000
0.052311000
0.046079000
0.083924000
0.020524000
0.053172000
0.046410000
0.053618000
0.052271000
