0.000000000
0.070015000
0.017922000
0.068829000
0.105954000
0.022291000
0.018460000
0.093667000
0.003908000
0.088791000
0.023105000
0.046503000
0.063682000
0.069953000
0.032953000
0.020000000
0.072170000
0.080423000
0.073634000
0.061188000
0.074771000
0.079798000
0.007093000
0.010564000
0.007316000
0.055285000
0.050497000
0.091116000
0.066622000
0.027541000
0.047977000
0.013864000
0.051934000
0.095178000
0.003791000
0.035373000
0.081887000
0.095364000
0.034665000
0.062526000
0.125173000
0.109233000
0.068630000
0.086148000
0.025403000
0.042269000
0.003854000
0.023656000
0.020205000
0.009295000
0.048534000
0.066010000
0.092336000
0.045145000
0.088584000
0.010241000
0.115758000
0.008510000
0.067791000
0.007240000
0.004779000
0.023883000
0.019584000
0.068875000
0.004929000
0.097776000
0.009788000
0.073421000
0.021379000
0.082103000
0.018731000
0.058583000
0.078146000
0.023306000
0.081495000
0.033224000
0.052645000
0.052164000
0.035407000
0.032311000
0.077142000
0.038416000
0.093264000
0.004988000
0.084546000
0.006619000
0.091011000
0.009029000
0.106681000
0.080448000
0.044026000
0.021805000
0.072839000
0.012450000
0.061748000
0.004978000
0.113190000
0.031835000
0.024982000
0.072102000
0.083721000
0.023084000
0.029088000
0.068058000
0.010489000
0.107721000
0.043134000
0.032311000
0.062739000
0.003560000
0.076092000
0.028930000
0.115043000
0.018362000
0.063814000
0.015985000
0.075289000
0.043510000
0.047638000
0.027362000
0.062664000
0.056116000
0.027488000
0.130315000
0.007628000
0.024427000
0.077384000
0.045992000
0.086040000
0.008706000
0.064565000
0.048783000
0.007943000
0.170804000
0.019235000
0.066271000
0.091478000
0.022199000
0.045002000
0.005005000
0.063326000
0.061683000
0.106580000
0.050836000
0.051444000
0.054134000
0.077147000
0.078387000
0.153205000
0.005565000
0.080517000
0.216167000
0.108663000
0.056057000
0.038663000
0.045323000
0.036012000
0.021885000
0.086408000
0.068031000
0.121915000
0.043096000
0.040554000
0.039524000
0.119915000
0.101542000
0.041084000
0.037383000
0.087250000
0.090678000
0.120002000
0.020394000
0.027819000
0.048874000
0.025663000
0.021533000
0.037792000
0.068405000
0.015138000
0.100087000
0.116345000
0.116958000
0.152906000
0.009707000
0.049256000
0.081158000
0.040125000
0.025986000
0.094887000
0.036869000
0.044242000
0.122970000
0.056476000
0.065669000
0.077406000
0.027111000
0.089368000
0.079978000
0.222555000
0.147986000
0.002601000
0.199317000
0.068563000
0.045605000
0.005127000
0.076259000
0.173035000
0.207482000
0.010540000
0.245454000
0.058423000
0.065779000
0.114142000
0.129137000
0.407203000
0.141923000
0.155942000
0.097115000
0.260396000
0.317633000
0.084895000
0.008018000
0.171984000
0.222519000
0.010720000
0.134329000
0.007784000
0.058625000
0.071192000
0.059847000
0.130005000
0.008995000
0.019887000
0.103029000
0.048603000
0.076155000
0.039228000
0.079105000
0.040004000
0.097440000
0.068660000
0.088589000
0.070108000
0.079384000
0.222838000
0.048830000
0.068807000
0.091967000
0.022447000
0.045952000
0.064004000
0.080925000
0.032723000
0.061402000
0.086615000
0.073346000
0.027000000
0.056364000
0.113678000
0.152559000
0.243909000
0.011772000
0.091757000
0.078198000
0.209737000
0.132084000
0.125000000
0.033890000
0.038922000
0.013166000
0.138877000
0.048140000
0.158830000
0.029186000
0.005966000
0.057181000
0.056885000
0.132700000
0.017443000
0.131532000
0.008298000
0.053262000
0.022928000
0.067148000
0.062806000
0.073852000
0.175624000
0.029562000
0.030737000
0.024102000
0.010015000
0.069592000
0.033529000
0.033096000
0.047293000
0.060036000
0.028295000
0.089139000
0.051333000
0.048666000
0.080044000
0.051707000
0.068281000
0.105034000
0.054995000
0.057101000
0.121044000
0.170023000
0.043200000
0.030637000
0.030002000
0.022246000
0.033907000
0.005367000
0.029938000
0.074526000
0.048823000
0.140573000
0.150090000
0.083506000
0.038754000
0.020192000
0.062127000
0.009388000
0.034931000
0.041784000
0.022891000
0.056998000
0.012842000
0.020953000
0.031691000
0.042370000
0.084183000
0.008416000
0.052207000
0.027769000
0.043338000
0.007045000
0.046470000
0.023578000
0.046811000
0.025609000
0.051928000
0.004775000
0.034985000
0.045023000
0.039993000
0.105032000
0.010074000
0.030136000
0.059744000
0.032587000
0.039631000
0.072216000
0.024892000
0.073071000
0.049341000
0.050895000
0.047023000
0.068737000
0.020582000
0.069893000
0.100913000
0.006766000
0.059470000
0.042394000
0.041298000
0.038218000
0.036100000
0.056965000
0.061060000
0.054220000
0.045824000
0.038352000
0.055867000
0.070763000
0.040560000
0.063306000
0.021276000
0.054378000
0.045439000
0.075320000
0.026698000
0.053403000
0.061601000
0.036217000
0.082262000
0.038402000
0.028391000
0.088596000
0.026257000
0.060233000
0.030619000
0.069209000
0.057852000
0.045369000
0.073408000
0.038223000
0.013761000
0.053814000
0.092411000
0.010123000
0.104873000
0.116835000
