
0.059140
0.039035
0.060827
0.046922
0.052261
0.035714
0.052757
0.058663
0.041718
0.064872
0.038672
0.051948
0.044720
0.053000
0.058789
0.049265
0.052777
0.045065
0.045149
0.054826
0.037436
0.056735
0.043781
0.073991
0.043021
0.036942
0.044555
0.049560
0.071906
0.030992
0.055990
0.063009
0.040638
0.041199
0.056830
0.048653
0.048462
0.059592
0.036625
0.066769
0.042471
0.050076
0.042609
0.067080
0.031000
0.050967
0.068034
0.050003
0.031990
0.068002
0.037366
0.039266
0.052127
0.059414
0.054535
0.039207
0.050091
0.043307
0.058756
0.047936
0.050998
0.061324
0.056687
0.050986
0.028241
0.058224
0.044537
0.059179
0.046501
0.063324
0.036826
0.036863
0.057973
0.068347
0.041508
0.045796
0.044684
0.055688
0.053346
0.038963
0.056670
0.045345
0.050011
0.059371
0.050070
0.038045
0.052494
0.058777
0.042219
0.053635
0.055396
0.042634
0.057437
0.047981
0.041623
0.059677
0.041620
0.056214
0.047382
0.054528
0.041422
0.044675
0.064697
0.049397
0.042679
0.059239
0.046296
0.044479
0.055671
0.038838
0.065126
0.040352
0.050064
0.049939
0.042650
0.051782
0.056572
0.053007
0.038288
0.068008
0.030663
0.050511
0.059137
0.053489
0.054485
0.049003
0.049514
0.042909
0.060968
0.035285
0.057732
0.048009
0.048585
0.043208
0.058193
0.051555
0.049321
0.051917
0.047234
0.056070
0.043906
0.055917
0.032086
0.059329
0.043092
0.051276
0.064930
0.044926
0.048476
0.056813
0.042842
0.057342
0.031737
0.050834
0.057718
0.041174
0.049828
0.063687
0.050002
0.051290
0.048706
0.054013
0.031939
0.064047
0.054895
0.034095
0.063716
0.035299
0.066851
0.031127
0.070490
0.031522
0.047012
0.068357
0.047633
0.037501
0.049670
0.054573
0.060415
0.048852
0.040075
0.059934
0.044485
0.055501
0.046651
0.040367
0.062986
0.050002
0.049983
0.052762
0.041697
0.056559
0.046852
0.053136
0.032618
0.067398
0.049997
0.069019
0.030961No data within timeout.


bandwidth = -224405647.387241
