
0.050671
0.047802
0.051056
0.050520
0.057430
0.039985
0.043121
0.058891
0.043016
0.058012
0.042931
0.053037
0.044692
0.059645
0.059665
0.041713
0.044394
0.051629
0.038500
0.059300
0.044463
0.057009
0.043993
0.058482
0.037046
0.064475
0.039987
0.044571
0.075447
0.026753
0.061247
0.062002
0.039989
0.046012
0.049151
0.047843
0.057998
0.050873
0.046140
0.053321
0.041583
0.054874
0.043271
0.059171
0.037821
0.051387
0.059102
0.063536
0.021725
0.067591
0.043647
0.039099
0.057874
0.054000
0.054209
0.039169
0.052661
0.040758
0.062200
0.045024
0.047139
0.064653
0.061216
0.036396
0.038573
0.065016
0.036889
0.063112
0.041002
0.051724
0.047276
0.040149
0.060038
0.064810
0.047926
0.040855
0.043146
0.064731
0.040511
0.048820
0.052122
0.039562
0.057286
0.057021
0.048971
0.045482
0.050100
0.060877
0.033950
0.058700
0.053431
0.043454
0.053144
0.051454
0.042430
0.058920
0.042084
0.055824
0.047268
0.054519
0.056762
0.029338
0.067301
0.046798
0.041192
0.060041
0.043165
0.045836
0.053740
0.047221
0.057940
0.038596
0.052774
0.045590
0.056095
0.044989
0.070568
0.035421
0.041801
0.064870
0.033795
0.050468
0.062582
0.053469
0.058201
0.041917
0.046683
0.043221
0.056386
0.046625
0.044264
0.048795
0.057042
0.043179
0.056671
0.058056
0.036982
0.060005
0.039988
0.060006
0.039995
0.070022
0.024416
0.065576
0.040841
0.047358
0.061151
0.048689
0.052941
0.060004
0.036588
0.051040
0.036656
0.050822
0.057923
0.040969
0.049798
0.061216
0.050000
0.055246
0.043599
0.053660
0.035918
0.052119
0.066842
0.034089
0.063737
0.034701
0.067442
0.031105
0.066343
0.034040
0.048621
0.068403
0.043398
0.041732
0.049647
0.054570
0.060431
0.048130
0.040785
0.053884
0.050537
0.047470
0.054684
0.038236
0.058624
0.054528
0.040954
0.063752
0.041692
0.056070
0.047353
0.047637
0.038111
0.064249
0.051702
0.051860
0.048950
0.049156No data within timeout.


bandwidth = -224398906.853668
