
0.056759
0.047010
0.051871
0.050307
0.052256
0.037583
0.058377
0.059599
0.031737
0.055526
0.048464
0.055035
0.042732
0.052971
0.064528
0.049998
0.040153
0.050098
0.041757
0.058380
0.041610
0.050002
0.050000
0.059275
0.037053
0.054887
0.044565
0.049606
0.067802
0.034362
0.055894
0.056554
0.045460
0.043647
0.061897
0.042685
0.050797
0.058172
0.036380
0.059601
0.045099
0.054851
0.042609
0.059839
0.037820
0.051387
0.059126
0.052221
0.032997
0.067598
0.041542
0.041197
0.052118
0.059414
0.056546
0.037191
0.044292
0.049125
0.058729
0.042112
0.053517
0.064648
0.048629
0.048965
0.038312
0.055477
0.046691
0.057708
0.045057
0.053094
0.047266
0.040186
0.057961
0.059874
0.049970
0.045797
0.041263
0.059112
0.048020
0.044274
0.056687
0.039556
0.055482
0.058793
0.048987
0.040027
0.047961
0.063292
0.039129
0.056737
0.055401
0.042660
0.051366
0.054033
0.041605
0.059677
0.039513
0.058315
0.047374
0.054538
0.041456
0.044660
0.064682
0.049383
0.034553
0.064671
0.045207
0.045819
0.053742
0.043232
0.060115
0.040423
0.052799
0.045565
0.049242
0.051782
0.055602
0.047180
0.045053
0.064757
0.033936
0.050467
0.057389
0.055297
0.054472
0.049010
0.044986
0.043968
0.057332
0.042371
0.048528
0.048766
0.057029
0.043198
0.048159
0.061596
0.037874
0.063357
0.037399
0.061650
0.036586
0.067509
0.035797
0.060991
0.040003
0.048986
0.061167
0.048694
0.048495
0.056195
0.043454
0.052405
0.036661
0.050826
0.057712
0.047416
0.050004
0.049983
0.054870
0.053724
0.051426
0.049024
0.034202
0.064511
0.061292
0.029093
0.061896
0.034699
0.067451
0.031138
0.066324
0.036636
0.046001
0.072734
0.043164
0.038585
0.058587
0.044705
0.066640
0.045461
0.041136
0.052670
0.051035
0.044234
0.054722
0.038219
0.058634
0.057195
0.038987
0.063035
0.041699
0.056288
0.048983
0.045765
0.038144
0.064248
0.051702
0.051839
0.048952No data within timeout.


bandwidth = -224409883.633375
