
0.056763
0.051547
0.057980
0.042022
0.055931
0.036028
0.046403
0.058647
0.040944
0.059025
0.044210
0.060791
0.039983
0.050996
0.057742
0.059259
0.042003
0.044022
0.038478
0.068503
0.032986
0.050563
0.049458
0.061760
0.039247
0.060983
0.042997
0.042859
0.067807
0.036334
0.057002
0.053479
0.045472
0.043655
0.070396
0.039998
0.043543
0.069475
0.026513
0.066497
0.040970
0.052108
0.042576
0.068332
0.029329
0.051388
0.064292
0.055996
0.030076
0.072955
0.040522
0.030840
0.053775
0.057782
0.057887
0.036790
0.044376
0.048080
0.064443
0.036459
0.053440
0.064687
0.052932
0.044657
0.041763
0.051991
0.046706
0.057736
0.052122
0.046028
0.047270
0.041704
0.056427
0.060571
0.050015
0.045056
0.041281
0.059090
0.051532
0.043650
0.053792
0.046373
0.050074
0.057384
0.052721
0.036281
0.047969
0.065756
0.036676
0.063321
0.048795
0.051208
0.049993
0.046860
0.041602
0.059696
0.039496
0.063348
0.048006
0.051992
0.038324
0.044685
0.067006
0.047065
0.036914
0.066005
0.045013
0.042308
0.053768
0.043259
0.068109
0.032384
0.056175
0.050367
0.041654
0.051200
0.057376
0.050079
0.040413
0.068929
0.034002
0.050019
0.053566
0.061417
0.051979
0.045398
0.044979
0.050062
0.051223
0.048909
0.043405
0.050019
0.054988
0.042555
0.052468
0.066996
0.032982
0.067001
0.032988
0.057587
0.042431
0.066998
0.033986
0.052112
0.047898
0.050007
0.062500
0.043823
0.048487
0.062199
0.037443
0.052841
0.036234
0.057473
0.051070
0.041169
0.049837
0.057915
0.050013
0.057081
0.059916
0.038787
0.035908
0.058307
0.067005
0.033974
0.060611
0.031572
0.073841
0.024739
0.066337
0.034045
0.048619
0.077264
0.034526
0.048469
0.050003
0.050983
0.058023
0.057995
0.029828
0.054168
0.050250
0.047469
0.059306
0.033625
0.059351
0.053813
0.046181
0.067009
0.034078
0.056415
0.059491
0.034258
0.039919
0.066667
0.050079
0.049267
0.048957No data within timeout.


bandwidth = -224407290.212332
