
0.055930
0.036587
0.059539
0.048551
0.052260
0.035704
0.055660
0.055772
0.040187
0.055515
0.048482
0.053033
0.044707
0.052969
0.058777
0.049283
0.044385
0.051644
0.038465
0.059311
0.038196
0.054527
0.047886
0.063344
0.037042
0.054902
0.044573
0.049571
0.067799
0.034381
0.055902
0.056532
0.045459
0.043674
0.056837
0.047741
0.049392
0.059564
0.036386
0.062650
0.042056
0.057051
0.040401
0.060894
0.036764
0.056843
0.053655
0.052224
0.033012
0.067601
0.041544
0.041184
0.052148
0.059403
0.058223
0.035473
0.044315
0.049125
0.058752
0.042099
0.053504
0.064653
0.048626
0.048974
0.038311
0.055464
0.046720
0.057694
0.045043
0.053107
0.047272
0.040170
0.057952
0.059885
0.049987
0.045808
0.041276
0.059074
0.048021
0.044274
0.056692
0.039545
0.055494
0.058796
0.048979
0.040029
0.047967
0.063288
0.039133
0.056728
0.055411
0.042631
0.051377
0.054061
0.041580
0.059702
0.039473
0.058330
0.047396
0.054528
0.041441
0.044662
0.064684
0.049397
0.034556
0.064676
0.045195
0.045812
0.053746
0.043231
0.060109
0.040423
0.052788
0.045582
0.049248
0.051865
0.055495
0.047209
0.045054
0.064749
0.033918
0.050484
0.057371
0.055297
0.054482
0.049021
0.048904
0.040056
0.062215
0.037501
0.048519
0.048764
0.057049
0.043183
0.048155
0.062045
0.037408
0.063368
0.037399
0.061635
0.036593
0.067499
0.032038
0.059385
0.043090
0.051291
0.061139
0.048706
0.048479
0.056219
0.043447
0.052391
0.036672
0.050829
0.057706
0.041186
0.049809
0.052696
0.055139
0.057160
0.045086
0.053630
0.035934
0.052110
0.066863
0.034080
0.063713
0.034700
0.067470
0.031097
0.066350
0.034022
0.048643
0.068369
0.043415
0.041741
0.049645
0.054572
0.060422
0.048139
0.040808
0.053843
0.050548
0.047461
0.054691
0.038262
0.058608
0.054528
0.040941
0.063768
0.041729
0.055991
0.047403
0.047615
0.038125
0.064462
0.051496
0.051835
0.048956
0.049157No data within timeout.


bandwidth = -224416628.872016
