
0.059332
0.038523
0.061468
0.053399
0.050060
0.032373
0.051502
0.064292
0.048461
0.041629
0.048462
0.053031
0.045799
0.051895
0.060113
0.057004
0.035318
0.051671
0.043989
0.060015
0.040201
0.052923
0.050066
0.066843
0.036972
0.042638
0.044561
0.050798
0.069515
0.041479
0.045884
0.064113
0.039989
0.049083
0.049309
0.047726
0.049381
0.060530
0.038003
0.057032
0.045099
0.054876
0.049962
0.058006
0.041146
0.042528
0.059318
0.055025
0.051006
0.052989
0.037976
0.044007
0.046469
0.059429
0.054534
0.039170
0.044301
0.052120
0.055758
0.047250
0.060983
0.052511
0.048164
0.059337
0.037980
0.045416
0.049574
0.054859
0.050138
0.051011
0.044252
0.044903
0.053236
0.059873
0.052736
0.043040
0.049924
0.053399
0.050471
0.040170
0.060011
0.040977
0.049428
0.059230
0.048586
0.039988
0.047971
0.063318
0.039141
0.056727
0.055390
0.042645
0.051371
0.054006
0.041613
0.059692
0.048884
0.048977
0.052069
0.049838
0.051134
0.034978
0.066044
0.048010
0.034546
0.064663
0.045196
0.045842
0.054731
0.042238
0.068750
0.041016
0.050013
0.039973
0.048370
0.052627
0.061024
0.051005
0.039962
0.060015
0.040991
0.043167
0.057838
0.061017
0.048306
0.051681
0.042302
0.043997
0.065693
0.040008
0.047378
0.043907
0.057045
0.043175
0.051486
0.060006
0.041005
0.060015
0.040976
0.060016
0.040990
0.059996
0.040990
0.060647
0.040367
0.043417
0.074166
0.043418
0.051185
0.045796
0.043425
0.061589
0.029988
0.051232
0.059779
0.040997
0.045030
0.052717
0.063278
0.049011
0.045074
0.057917
0.031648
0.052117
0.066857
0.034057
0.063713
0.034735
0.067425
0.031120
0.066336
0.034033
0.052942
0.064075
0.051389
0.033752
0.056775
0.047479
0.063523
0.050013
0.040995
0.048656
0.050548
0.052866
0.049307
0.038229
0.065383
0.047800
0.040931
0.073281
0.040724
0.047438
0.052827
0.051004
0.029321
0.071701
0.044264
0.051862
0.048934No data within timeout.


bandwidth = -224425260.199959
