 1330733138.660390
 0 
 1330733138.723960
 1 
 1330733138.724031
 1 
 1330733138.724123
 1 
 1330733138.724183
 1 
 1330733138.724231
 1 
 1330733138.724290
 1 
 1330733138.724349
 1 
 1330733138.724404
 1 
 1330733138.724457
 1 
 1330733138.724513
 1 
 1330733138.724568
 1 
 1330733138.724626
 1 
 1330733138.724718
 1 
 1330733138.724771
 1 
 1330733138.724835
 1 
 1330733138.724913
 1 
 1330733138.724983
 1 
 1330733138.725029
 1 
 1330733138.725083
 1 
 1330733138.725136
 1 
 1330733138.725188
 1 
 1330733138.725238
 1 
 1330733138.725293
 1 
 1330733138.756075
 2 
 1330733138.756122
 2 
 1330733138.756193
 2 
 1330733138.756251
 2 
 1330733138.756310
 2 
 1330733138.756369
 2 
 1330733138.821636
 3 
 1330733138.821682
 3 
 1330733138.821752
 3 
 1330733138.821813
 3 
 1330733138.821985
 3 
 1330733138.822076
 3 
 1330733138.822161
 3 
 1330733138.822266
 3 
 1330733138.822352
 3 
 1330733138.822440
 3 
 1330733138.822534
 3 
 1330733138.822622
 3 
 1330733138.822719
 3 
 1330733138.822807
 3 
 1330733138.822917
 3 
 1330733138.823014
 3 
 1330733138.823098
 3 
 1330733138.823191
 3 
 1330733138.823269
 3 
 1330733138.823347
 3 
 1330733138.823448
 3 
 1330733138.823544
 3 
 1330733138.823625
 3 
 1330733138.823718
 3 
 1330733138.823790
 3 
 1330733138.823898
 3 
 1330733138.824037
 3 
 1330733138.824124
 3 
 1330733138.824224
 3 
 1330733138.824315
 3 
 1330733138.824406
 3 
 1330733138.824511
 3 
 1330733138.824606
 3 
 1330733138.824692
 3 
 1330733138.824778
 3 
 1330733138.824886
 3 
 1330733138.824962
 3 
 1330733138.825045
 3 
 1330733138.825119
 3 
 1330733138.825205
 3 
 1330733138.825282
 3 
 1330733138.825355
 3 
 1330733138.825438
 3 
 1330733138.825512
 3 
 1330733138.825585
 3 
 1330733138.825687
 3 
 1330733138.825762
 3 
 1330733138.825857
 3 
 1330733138.825943
 3 
 1330733138.826040
 3 
 1330733138.826122
 3 
 1330733138.826196
 3 
 1330733138.826270
 3 
 1330733138.826353
 3 
 1330733138.826426
 3 
 1330733138.826500
 3 
 1330733138.826582
 3 
 1330733138.826656
 3 
 1330733138.826730
 3 
 1330733138.826805
 3 
 1330733138.826906
 3 
 1330733138.826976
 3 
 1330733138.827046
 3 
 1330733138.827116
 3 
 1330733138.827185
 3 
 1330733138.827254
 3 
 1330733138.827324
 3 
 1330733138.827393
 3 
 1330733138.827462
 3 
 1330733138.827541
 3 
 1330733138.827635
 3 
 1330733138.827733
 3 
 1330733138.827824
 3 
 1330733138.827933
 3 
 1330733138.828011
 3 
 1330733138.828091
 3 
 1330733138.828172
 3 
 1330733138.828252
 3 
 1330733138.828333
 3 
 1330733138.828416
 3 
 1330733138.828499
 3 
 1330733138.872261
 4 
 1330733138.926782
 5 
 1330733138.948192
 6 
 1330733138.948237
 6 
 1330733138.948299
 6 
 1330733139.003686
 7 
 1330733139.003730
 7 
 1330733139.003793
 7 
 1330733139.003848
 7 
 1330733139.003911
 7 
 1330733139.003945
 7 
 1330733139.004004
 7 
 1330733139.004038
 7 
 1330733139.004097
 7 
 1330733139.004132
 7 
 1330733139.004191
 7 
 1330733139.004230
 7 
 1330733139.004289
 7 
 1330733139.004328
 7 
 1330733139.004383
 7 
 1330733139.004436
 7 
 1330733139.070999
 8 
 1330733139.071041
 8 
 1330733139.071102
 8 
 1330733139.071142
 8 
 1330733139.071198
 8 
 1330733139.071254
 8 
 1330733139.071295
 8 
 1330733139.071351
 8 
 1330733139.071390
 8 
 1330733139.071447
 8 
 1330733139.071485
 8 
 1330733139.071542
 8 
 1330733139.071594
 8 
 1330733139.071633
 8 
 1330733139.071689
 8 
 1330733139.071741
 8 
 1330733139.071781
 8 
 1330733139.071853
 8 
 1330733139.071889
 8 
 1330733139.071946
 8 
 1330733139.071998
 8 
 1330733139.072037
 8 
 1330733139.072092
 8 
 1330733139.072131
 8 
 1330733139.072187
 8 
 1330733139.072226
 8 
 1330733139.072282
 8 
 1330733139.072350
 8 
 1330733139.072383
 8 
 1330733139.072416
 8 
 1330733139.072448
 8 
 1330733139.072508
 8 
 1330733139.072606
 8 
 1330733139.072682
 8 
 1330733139.072729
 8 
 1330733139.072763
 8 
 1330733139.072825
 8 
 1330733139.072948
 8 
 1330733139.073026
 8 
 1330733139.073065
 8 
 1330733139.073102
 8 
 1330733139.073160
 8 
 1330733139.073198
 8 
 1330733139.073254
 8 
 1330733139.073306
 8 
 1330733139.073376
 8 
 1330733139.073410
 8 
 1330733139.073458
 8 
 1330733139.073514
 8 
 1330733139.073552
 8 
 1330733139.073607
 8 
 1330733139.073659
 8 
 1330733139.073697
 8 
 1330733139.073753
 8 
 1330733139.073805
 8 
 1330733139.073872
 8 
 1330733139.073926
 8 
 1330733139.073986
 8 
 1330733139.074021
 8 
 1330733139.074077
 8 
 1330733139.074112
 8 
 1330733139.074169
 8 
 1330733139.074204
 8 
 1330733139.074285
 8 
 1330733139.074324
 8 
 1330733139.074378
 8 
 1330733139.074430
 8 
 1330733139.074466
 8 
 1330733139.074524
 8 
 1330733139.074558
 8 
 1330733139.074614
 8 
 1330733139.074648
 8 
 1330733139.101382
 9 
 1330733139.101426
 9 
 1330733139.101460
 9 
 1330733139.101520
 9 
 1330733139.101556
 9 
 1330733139.101613
 9 
 1330733139.101652
 9 
 1330733139.101710
 9 
 1330733139.101745
 9 
 1330733139.101802
 9 
 1330733139.159377
 10 
 1330733139.159422
 10 
 1330733139.159484
 10 
 1330733139.159524
 10 
 1330733139.159581
 10 
 1330733139.159616
 10 
 1330733139.204854
 11 
 1330733139.204891
 11 
 1330733139.204951
 11 
 1330733139.204985
 11 
 1330733139.205042
 11 
 1330733139.278349
 12 
 1330733139.278389
 12 
 1330733139.278426
 12 
 1330733139.315684
 13 
 1330733139.315720
 13 
 1330733139.315752
 13 
 1330733139.315806
 13 
 1330733139.315862
 13 
 1330733139.315918
 13 
 1330733139.315973
 13 
 1330733139.316027
 13 
 1330733139.316082
 13 
 1330733139.316165
 13 
 1330733139.316200
 13 
 1330733139.316233
 13 
 1330733139.316264
 13 
 1330733139.316300
 13 
 1330733139.316355
 13 
 1330733139.316394
 13 
 1330733139.316451
 13 
 1330733139.316490
 13 
 1330733139.316544
 13 
 1330733139.316583
 13 
 1330733139.316638
 13 
 1330733139.316691
 13 
 1330733139.316743
 13 
 1330733139.316778
 13 
 1330733139.316851
 13 
 1330733139.316889
 13 
 1330733139.316943
 13 
 1330733139.316995
 13 
 1330733139.317034
 13 
 1330733139.317108
 13 
 1330733139.317142
 13 
 1330733139.317198
 13 
 1330733139.345916
 14 
 1330733139.345952
 14 
 1330733139.345983
 14 
 1330733139.346040
 14 
 1330733139.346075
 14 
 1330733139.346132
 14 
 1330733139.346171
 14 
 1330733139.346227
 14 
 1330733139.346262
 14 
 1330733139.346319
 14 
 1330733139.346357
 14 
 1330733139.346413
 14 
 1330733139.346448
 14 
 1330733139.346506
 14 
 1330733139.346540
 14 
 1330733139.346597
 14 
 1330733139.346635
 14 
 1330733139.346691
 14 
 1330733139.346729
 14 
 1330733139.346784
 14 
 1330733139.346822
 14 
 1330733139.346894
 14 
 1330733139.346933
 14 
 1330733139.346989
 14 
 1330733139.347041
 14 
 1330733139.347081
 14 
 1330733139.347135
 14 
 1330733139.347174
 14 
 1330733139.347228
 14 
 1330733139.347267
 14 
 1330733139.347323
 14 
 1330733139.347375
 14 
 1330733139.347413
 14 
 1330733139.347469
 14 
 1330733139.347504
 14 
 1330733139.347560
 14 
 1330733139.347599
 14 
 1330733139.347653
 14 
 1330733139.347692
 14 
 1330733139.347747
 14 
 1330733139.347787
 14 
 1330733139.347844
 14 
 1330733139.347904
 14 
 1330733139.347938
 14 
 1330733139.347994
 14 
 1330733139.348028
 14 
 1330733139.348085
 14 
 1330733139.348123
 14 
 1330733139.348179
 14 
 1330733139.348218
 14 
 1330733139.348272
 14 
 1330733139.348311
 14 
 1330733139.348365
 14 
 1330733139.348405
 14 
 1330733139.390911
 15 
 1330733139.390951
 15 
 1330733139.390989
 15 
 1330733139.391047
 15 
 1330733139.391082
 15 
 1330733139.391138
 15 
 1330733139.391177
 15 
 1330733139.391233
 15 
 1330733139.391267
 15 
 1330733139.391325
 15 
 1330733139.391363
 15 
 1330733139.391420
 15 
 1330733139.391455
 15 
 1330733139.391511
 15 
 1330733139.391546
 15 
 1330733139.391602
 15 
 1330733139.391636
 15 
 1330733139.391692
 15 
 1330733139.391744
 15 
 1330733139.391783
 15 
 1330733139.391850
 15 
 1330733139.391903
 15 
 1330733139.391943
 15 
 1330733139.391997
 15 
 1330733139.392050
 15 
 1330733139.392089
 15 
 1330733139.392145
 15 
 1330733139.392183
 15 
 1330733139.392238
 15 
 1330733139.392290
 15 
 1330733139.392342
 15 
 1330733139.392381
 15 
 1330733139.392435
 15 
 1330733139.392474
 15 
 1330733139.445746
 16 
 1330733139.445783
 16 
 1330733139.445816
 16 
 1330733139.445890
 16 
 1330733139.445925
 16 
 1330733139.445984
 16 
 1330733139.446019
 16 
 1330733139.446075
 16 
 1330733139.446132
 16 
 1330733139.446171
 16 
 1330733139.446227
 16 
 1330733139.446261
 16 
 1330733139.446317
 16 
 1330733139.446356
 16 
 1330733139.446412
 16 
 1330733139.446450
 16 
 1330733139.446506
 16 
 1330733139.446545
 16 
 1330733139.496530
 17 
 1330733139.496571
 17 
 1330733139.496605
 17 
 1330733139.496660
 17 
 1330733139.496694
 17 
 1330733139.545446
 18 
 1330733139.545485
 18 
 1330733139.545544
 18 
 1330733139.545601
 18 
 1330733139.545657
 18 
 1330733139.630259
 19 
 1330733139.630309
 19 
 1330733139.630332
 19 
 1330733139.630352
 19 
 1330733139.630404
 19 
 1330733139.630424
 19 
 1330733139.630460
 19 
 1330733139.630482
 19 
 1330733139.630528
 19 
 1330733139.630550
 19 
 1330733139.630595
 19 
 1330733139.630616
 19 
 1330733139.630640
 19 
 1330733139.630676
 19 
 1330733139.630698
 19 
 1330733139.630744
 19 
 1330733139.630765
 19 
 1330733139.630807
 19 
 1330733139.630841
 19 
 1330733139.630860
 19 
 1330733139.630905
 19 
 1330733139.630926
 19 
 1330733139.630968
 19 
 1330733139.630988
 19 
 1330733139.631007
 19 
 1330733139.631053
 19 
 1330733139.631074
 19 
 1330733139.631116
 19 
 1330733139.631136
 19 
 1330733139.631179
 19 
 1330733139.631225
 19 
 1330733139.631245
 19 
 1330733139.631287
 19 
 1330733139.631307
 19 
 1330733139.631327
 19 
 1330733139.631372
 19 
 1330733139.631393
 19 
 1330733139.631435
 19 
 1330733139.631456
 19 
 1330733139.631497
 19 
 1330733139.631517
 19 
 1330733139.631561
 19 
 1330733139.631580
 19 
 1330733139.631600
 19 
 1330733139.631645
 19 
 1330733139.660822
 20 
 1330733139.660897
 20 
 1330733139.660920
 20 
 1330733139.660941
 20 
 1330733139.660990
 20 
 1330733139.661011
 20 
 1330733139.661056
 20 
 1330733139.661077
 20 
 1330733139.661122
 20 
 1330733139.661143
 20 
 1330733139.661188
 20 
 1330733139.661208
 20 
 1330733139.661254
 20 
 1330733139.661274
 20 
 1330733139.661319
 20 
 1330733139.661340
 20 
 1330733139.661385
 20 
 1330733139.661433
 20 
 1330733139.661454
 20 
 1330733139.661495
 20 
 1330733139.661516
 20 
 1330733139.661557
 20 
 1330733139.661577
 20 
 1330733139.661620
 20 
 1330733139.661639
 20 
 1330733139.661682
 20 
 1330733139.661702
 20 
 1330733139.661742
 20 
 1330733139.661763
 20 
 1330733139.661804
 20 
 1330733139.661825
 20 
 1330733139.661885
 20 
 1330733139.661905
 20 
 1330733139.661947
 20 
 1330733139.661986
 20 
 1330733139.662005
 20 
 1330733139.662025
 20 
 1330733139.662050
 20 
 1330733139.662093
 20 
 1330733139.662113
 20 
 1330733139.662157
 20 
 1330733139.662177
 20 
 1330733139.662220
 20 
 1330733139.662267
 20 
 1330733139.662288
 20 
 1330733139.662329
 20 
 1330733139.662349
 20 
 1330733139.662390
 20 
 1330733139.662410
 20 
 1330733139.662452
 20 
 1330733139.662472
 20 
 1330733139.662513
 20 
 1330733139.662534
 20 
 1330733139.662575
 20 
 1330733139.662595
 20 
 1330733139.714774
 21 
 1330733139.714809
 21 
 1330733139.714840
 21 
 1330733139.714859
 21 
 1330733139.714878
 21 
 1330733139.714921
 21 
 1330733139.714942
 21 
 1330733139.714989
 21 
 1330733139.715009
 21 
 1330733139.715055
 21 
 1330733139.715075
 21 
 1330733139.715095
 21 
 1330733139.715140
 21 
 1330733139.715161
 21 
 1330733139.715207
 21 
 1330733139.715228
 21 
 1330733139.715247
 21 
 1330733139.715294
 21 
 1330733139.715314
 21 
 1330733139.715357
 21 
 1330733139.715378
 21 
 1330733139.715420
 21 
 1330733139.715440
 21 
 1330733139.715464
 21 
 1330733139.715509
 21 
 1330733139.715530
 21 
 1330733139.715573
 21 
 1330733139.715593
 21 
 1330733139.715616
 21 
 1330733139.715661
 21 
 1330733139.715681
 21 
 1330733139.715724
 21 
 1330733139.715744
 21 
 1330733139.715767
 21 
 1330733139.715812
 21 
 1330733139.715841
 21 
 1330733139.715885
 21 
 1330733139.715905
 21 
 1330733139.715947
 21 
 1330733139.715996
 21 
 1330733139.716017
 21 
 1330733139.765756
 22 
 1330733139.765781
 22 
 1330733139.765801
 22 
 1330733139.765849
 22 
 1330733139.765882
 22 
 1330733139.765919
 22 
 1330733139.765944
 22 
 1330733139.765979
 22 
 1330733139.766027
 22 
 1330733139.766047
 22 
 1330733139.809998
 23 
 1330733139.810018
 23 
 1330733139.810038
 23 
 1330733139.810084
 23 
 1330733139.810105
 23 
 1330733139.810125
 23 
 1330733139.810170
 23 
 1330733139.810191
 23 
 1330733139.810237
 23 
 1330733139.810257
 23 
 1330733139.810276
 23 
 1330733139.810321
 23 
 1330733139.810342
 23 
 1330733139.810386
 23 
 1330733139.810407
 23 
 1330733139.810426
 23 
 1330733139.810473
 23 
 1330733139.810493
 23 
 1330733139.810535
 23 
 1330733139.810555
 23 
 1330733139.810575
 23 
 1330733139.810620
 23 
 1330733139.810640
 23 
 1330733139.810682
 23 
 1330733139.810703
 23 
 1330733139.810745
 23 
 1330733139.810788
 23 
 1330733139.810808
 23 
 1330733139.810853
 23 
 1330733139.810875
 23 
 1330733139.810922
 23 
 1330733139.810968
 23 
 1330733139.810989
 23 
 1330733139.811033
 23 
 1330733139.811053
 23 
 1330733139.811095
 23 
 1330733139.811115
 23 
 1330733139.811135
 23 
 1330733139.811180
 23 
 1330733139.811200
 23 
 1330733139.811244
 23 
 1330733139.811264
 23 
 1330733139.811284
 23 
 1330733139.811328
 23 
 1330733139.811349
 23 
 1330733139.811391
 23 
 1330733139.811410
 23 
 1330733139.811430
 23 
 1330733139.811474
 23 
 1330733139.811494
 23 
 1330733139.811537
 23 
 1330733139.811570
 23 
 1330733139.811596
 23 
 1330733139.811639
 23 
 1330733139.811660
 23 
 1330733139.851957
 24 
 1330733139.851979
 24 
 1330733139.851998
 24 
 1330733139.852018
 24 
 1330733139.852057
 24 
 1330733139.852078
 24 
 1330733139.852125
 24 
 1330733139.852145
 24 
 1330733139.852191
 24 
 1330733139.852211
 24 
 1330733139.852234
 24 
 1330733139.852279
 24 
 1330733139.852300
 24 
 1330733139.852345
 24 
 1330733139.852365
 24 
 1330733139.852388
 24 
 1330733139.852434
 24 
 1330733139.852454
 24 
 1330733139.852497
 24 
 1330733139.852517
 24 
 1330733139.852537
 24 
 1330733139.911326
 25 
 1330733139.911358
 25 
 1330733139.911380
 25 
 1330733139.911399
 25 
 1330733139.911419
 25 
 1330733139.911438
 25 
 1330733139.911487
 25 
 1330733139.911507
 25 
 1330733139.911527
 25 
 1330733139.911571
 25 
 1330733139.911591
 25 
 1330733139.911611
 25 
 1330733139.911657
 25 
 1330733139.911678
 25 
 1330733139.911723
 25 
 1330733139.911743
 25 
 1330733139.911763
 25 
 1330733139.911809
 25 
 1330733139.911841
 25 
 1330733139.911888
 25 
 1330733139.911908
 25 
 1330733139.911932
 25 
 1330733139.911977
 25 
 1330733139.911997
 25 
 1330733139.912040
 25 
 1330733139.912060
 25 
 1330733139.912104
 25 
 1330733139.912124
 25 
 1330733139.912168
 25 
 1330733139.912189
 25 
 1330733139.912231
 25 
 1330733139.912252
 25 
 1330733139.912272
 25 
 1330733139.912318
 25 
 1330733139.912339
 25 
 1330733139.912381
 25 
 1330733139.912402
 25 
 1330733139.912422
 25 
 1330733139.956265
 26 
 1330733139.956315
 26 
 1330733139.956336
 26 
 1330733139.956382
 26 
 1330733139.956402
 26 
 1330733140.001589
 27 
 1330733140.001616
 27 
 1330733140.001635
 27 
 1330733140.001654
 27 
 1330733140.001713
 27 
 1330733140.001739
 27 
 1330733140.001762
 27 
 1330733140.001788
 27 
 1330733140.001815
 27 
 1330733140.001869
 27 
 1330733140.001890
 27 
 1330733140.001909
 27 
 1330733140.001928
 27 
 1330733140.001983
 27 
 1330733140.002004
 27 
 1330733140.002051
 27 
 1330733140.002071
 27 
 1330733140.002091
 27 
 1330733140.002137
 27 
 1330733140.002157
 27 
 1330733140.002177
 27 
 1330733140.002214
 27 
 1330733140.002234
 27 
 1330733140.002280
 27 
 1330733140.002301
 27 
 1330733140.002343
 27 
 1330733140.002362
 27 
 1330733140.002382
 27 
 1330733140.002427
 27 
 1330733140.002448
 27 
 1330733140.002489
 27 
 1330733140.002510
 27 
 1330733140.002529
 27 
 1330733140.002575
 27 
 1330733140.002595
 27 
 1330733140.002638
 27 
 1330733140.002657
 27 
 1330733140.002678
 27 
 1330733140.072558
 28 
 1330733140.072589
 28 
 1330733140.072608
 28 
 1330733140.072627
 28 
 1330733140.072647
 28 
 1330733140.072693
 28 
 1330733140.072713
 28 
 1330733140.072766
 28 
 1330733140.072800
 28 
 1330733140.072819
 28 
 1330733140.072852
 28 
 1330733140.072890
 28 
 1330733140.072911
 28 
 1330733140.072957
 28 
 1330733140.072978
 28 
 1330733140.073026
 28 
 1330733140.073046
 28 
 1330733140.073065
 28 
 1330733140.073111
 28 
 1330733140.073131
 28 
 1330733140.073174
 28 
 1330733140.073194
 28 
 1330733140.073214
 28 
 1330733140.073259
 28 
 1330733140.073280
 28 
 1330733140.073323
 28 
 1330733140.073344
 28 
 1330733140.073386
 28 
 1330733140.073406
 28 
 1330733140.073425
 28 
 1330733140.073471
 28 
 1330733140.073491
 28 
 1330733140.073525
 28 
 1330733140.073550
 28 
 1330733140.073595
 28 
 1330733140.073615
 28 
 1330733140.073658
 28 
 1330733140.073678
 28 
 1330733140.073721
 28 
 1330733140.073742
 28 
 1330733140.073762
 28 
 1330733140.073807
 28 
 1330733140.073837
 28 
 1330733140.073871
 28 
 1330733140.073895
 28 
 1330733140.073941
 28 
 1330733140.073993
 28 
 1330733140.074013
 28 
 1330733140.074055
 28 
 1330733140.074075
 28 
 1330733140.074095
 28 
 1330733140.074141
 28 
 1330733140.074162
 28 
 1330733140.074204
 28 
 1330733140.074247
 28 
 1330733140.074268
 28 
 1330733140.074315
 28 
 1330733140.093037
 29 
 1330733140.093057
 29 
 1330733140.093076
 29 
 1330733140.093122
 29 
 1330733140.093143
 29 
 1330733140.093178
 29 
 1330733140.197949
 31 
 1330733140.197994
 31 
 1330733140.198015
 31 
 1330733140.198034
 31 
 1330733140.198053
 31 
 1330733140.198073
 31 
 1330733140.198111
 31 
 1330733140.198132
 31 
 1330733140.198178
 31 
 1330733140.198199
 31 
 1330733140.198244
 31 
 1330733140.198264
 31 
 1330733140.198284
 31 
 1330733140.198330
 31 
 1330733140.198350
 31 
 1330733140.198410
 31 
 1330733140.198430
 31 
 1330733140.198476
 31 
 1330733140.198495
 31 
 1330733140.198515
 31 
 1330733140.198560
 31 
 1330733140.198580
 31 
 1330733140.198623
 31 
 1330733140.198644
 31 
 1330733140.198686
 31 
 1330733140.198707
 31 
 1330733140.198749
 31 
 1330733140.198769
 31 
 1330733140.198802
 31 
 1330733140.275873
 32 
 1330733140.275915
 32 
 1330733140.275936
 32 
 1330733140.275957
 32 
 1330733140.275976
 32 
 1330733140.275995
 32 
 1330733140.276034
 32 
 1330733140.276058
 32 
 1330733140.276095
 32 
 1330733140.276116
 32 
 1330733140.276163
 32 
 1330733140.276184
 32 
 1330733140.276230
 32 
 1330733140.276251
 32 
 1330733140.276274
 32 
 1330733140.276320
 32 
 1330733140.276341
 32 
 1330733140.276388
 32 
 1330733140.276408
 32 
 1330733140.276428
 32 
 1330733140.276473
 32 
 1330733140.276494
 32 
 1330733140.276537
 32 
 1330733140.276558
 32 
 1330733140.276601
 32 
 1330733140.276620
 32 
 1330733140.276644
 32 
 1330733140.276689
 32 
 1330733140.276709
 32 
 1330733140.276752
 32 
 1330733140.276772
 32 
 1330733140.276815
 32 
 1330733140.276853
 32 
 1330733140.276873
 32 
 1330733140.276925
 32 
 1330733140.276945
 32 
 1330733140.276979
 32 
 1330733140.277003
 32 
 1330733140.277047
 32 
 1330733140.277068
 32 
 1330733140.277101
 32 
 1330733140.277123
 32 
 1330733140.277167
 32 
 1330733140.277187
 32 
 1330733140.277220
 32 
 1330733140.277245
 32 
 1330733140.277288
 32 
 1330733140.277309
 32 
 1330733140.277351
 32 
 1330733140.277371
 32 
 1330733140.277390
 32 
 1330733140.277434
 32 
 1330733140.277455
 32 
 1330733140.277496
 32 
 1330733140.277516
 32 
 1330733140.277536
 32 
 1330733140.277581
 32 
 1330733140.277602
 32 
 1330733140.277643
 32 
 1330733140.277663
 32 
 1330733140.277683
 32 
 1330733140.277727
 32 
 1330733140.277747
 32 
 1330733140.277791
 32 
 1330733140.277811
 32 
 1330733140.277840
 32 
 1330733140.277887
 32 
 1330733140.277908
 32 
 1330733140.277950
 32 
 1330733140.277971
 32 
 1330733140.278013
 32 
 1330733140.278034
 32 
 1330733140.278077
 32 
 1330733140.278097
 32 
 1330733140.278140
 32 
 1330733140.278160
 32 
 1330733140.278202
 32 
 1330733140.278222
 32 
 1330733140.278245
 32 
 1330733140.278289
 32 
 1330733140.278310
 32 
 1330733140.278352
 32 
 1330733140.278372
 32 
 1330733140.278391
 32 
 1330733140.278436
 32 
 1330733140.278457
 32 
 1330733140.278500
 32 
 1330733140.278534
 32 
 1330733140.278554
 32 
 1330733140.278573
 32 
 1330733140.278623
 32 
 1330733140.278644
 32 
 1330733140.278686
 32 
 1330733140.278729
 32 
 1330733140.278750
 32 
 1330733140.278770
 32 
 1330733140.278815
 32 
 1330733140.278844
 32 
 1330733140.278887
 32 
 1330733140.278908
 32 
 1330733140.278949
 32 
 1330733140.278969
 32 
 1330733140.279012
 32 
 1330733140.279033
 32 
 1330733140.279074
 32 
 1330733140.279094
 32 
 1330733140.279138
 32 
 1330733140.279158
 32 
 1330733140.279200
 32 
 1330733140.279220
 32 
 1330733140.279262
 32 
 1330733140.279282
 32 
 1330733140.279324
 32 
 1330733140.279344
 32 
 1330733140.279386
 32 
 1330733140.279406
 32 
 1330733140.279449
 32 
 1330733140.279469
 32 
 1330733140.279511
 32 
 1330733140.279532
 32 
 1330733140.279573
 32 
 1330733140.279594
 32 
 1330733140.279636
 32 
 1330733140.279656
 32 
 1330733140.279698
 32 
 1330733140.279717
 32 
 1330733140.292816
 33 
 1330733140.292845
 33 
 1330733140.292865
 33 
 1330733140.292903
 33 
 1330733140.292923
 33 
 1330733140.292960
 33 
 1330733140.292980
 33 
 1330733140.293026
 33 
 1330733140.293047
 33 
 1330733140.293092
 33 
 1330733140.293128
 33 
 1330733140.358559
 34 
 1330733140.358584
 34 
 1330733140.358603
 34 
 1330733140.358622
 34 
 1330733140.358669
 34 
 1330733140.358689
 34 
 1330733140.358709
 34 
 1330733140.358771
 34 
 1330733140.358792
 34 
 1330733140.399788
 35 
 1330733140.399820
 35 
 1330733140.399851
 35 
 1330733140.399870
 35 
 1330733140.399891
 35 
 1330733140.399929
 35 
 1330733140.399951
 35 
 1330733140.399997
 35 
 1330733140.400017
 35 
 1330733140.400037
 35 
 1330733140.400083
 35 
 1330733140.400103
 35 
 1330733140.400124
 35 
 1330733140.400169
 35 
 1330733140.400189
 35 
 1330733140.400210
 35 
 1330733140.400256
 35 
 1330733140.400276
 35 
 1330733140.400315
 35 
 1330733140.400339
 35 
 1330733140.400384
 35 
 1330733140.400435
 35 
 1330733140.400456
 35 
 1330733140.400499
 35 
 1330733140.400520
 35 
 1330733140.400539
 35 
 1330733140.400585
 35 
 1330733140.400606
 35 
 1330733140.400639
 35 
 1330733140.400683
 35 
 1330733140.400704
 35 
 1330733140.400723
 35 
 1330733140.476340
 36 
 1330733140.476364
 36 
 1330733140.476384
 36 
 1330733140.476430
 36 
 1330733140.476450
 36 
 1330733140.500914
 37 
 1330733140.500934
 37 
 1330733140.500954
 37 
 1330733140.500999
 37 
 1330733140.501045
 37 
 1330733140.501066
 37 
 1330733140.501085
 37 
 1330733140.501131
 37 
 1330733140.501151
 37 
 1330733140.501170
 37 
 1330733140.501217
 37 
 1330733140.501238
 37 
 1330733140.501282
 37 
 1330733140.501303
 37 
 1330733140.555267
 38 
 1330733140.555302
 38 
 1330733140.555322
 38 
 1330733140.555342
 38 
 1330733140.555362
 38 
 1330733140.555382
 38 
 1330733140.555423
 38 
 1330733140.555443
 38 
 1330733140.555490
 38 
 1330733140.555512
 38 
 1330733140.555558
 38 
 1330733140.555579
 38 
 1330733140.555598
 38 
 1330733140.555635
 38 
 1330733140.555657
 38 
 1330733140.555703
 38 
 1330733140.555724
 38 
 1330733140.555770
 38 
 1330733140.555791
 38 
 1330733140.555810
 38 
 1330733140.555856
 38 
 1330733140.555888
 38 
 1330733140.555918
 38 
 1330733140.555941
 38 
 1330733140.555996
 38 
 1330733140.556017
 38 
 1330733140.556041
 38 
 1330733140.556086
 38 
 1330733140.556106
 38 
 1330733140.556149
 38 
 1330733140.556169
 38 
 1330733140.556188
 38 
 1330733140.610754
 39 
 1330733140.610775
 39 
 1330733140.610795
 39 
 1330733140.610814
 39 
 1330733140.610873
 39 
 1330733140.610894
 39 
 1330733140.610940
 39 
 1330733140.610961
 39 
 1330733140.610981
 39 
 1330733140.611027
 39 
 1330733140.611048
 39 
 1330733140.611094
 39 
 1330733140.611114
 39 
 1330733140.611134
 39 
 1330733140.611180
 39 
 1330733140.611200
 39 
 1330733140.611235
 39 
 1330733140.611260
 39 
 1330733140.611306
 39 
 1330733140.611357
 39 
 1330733140.611377
 39 
 1330733140.661520
 40 
 1330733140.661554
 40 
 1330733140.661574
 40 
 1330733140.661593
 40 
 1330733140.661612
 40 
 1330733140.661650
 40 
 1330733140.661671
 40 
 1330733140.661705
 40 
 1330733140.661752
 40 
 1330733140.661773
 40 
 1330733140.661793
 40 
 1330733140.661840
 40 
 1330733140.661861
 40 
 1330733140.661908
 40 
 1330733140.661928
 40 
 1330733140.661948
 40 
 1330733140.661985
 40 
 1330733140.662006
 40 
 1330733140.662067
 40 
 1330733140.662088
 40 
 1330733140.707759
 41 
 1330733140.707779
 41 
 1330733140.707799
 41 
 1330733140.707848
 41 
 1330733140.707896
 41 
 1330733140.707916
 41 
 1330733140.707935
 41 
 1330733140.707982
 41 
 1330733140.708003
 41 
 1330733140.708038
 41 
 1330733140.708059
 41 
 1330733140.708107
 41 
 1330733140.708128
 41 
 1330733140.708163
 41 
 1330733140.708184
 41 
 1330733140.708229
 41 
 1330733140.708250
 41 
 1330733140.708293
 41 
 1330733140.708313
 41 
 1330733140.708356
 41 
 1330733140.708377
 41 
 1330733140.708410
 41 
 1330733140.708431
 41 
 1330733140.708478
 41 
 1330733140.708498
 41 
 1330733140.708541
 41 
 1330733140.708562
 41 
 1330733140.708605
 41 
 1330733140.708625
 41 
 1330733140.708649
 41 
 1330733140.708694
 41 
 1330733140.708714
 41 
 1330733140.708757
 41 
 1330733140.708801
 41 
 1330733140.708821
 41 
 1330733140.708858
 41 
 1330733140.708892
 41 
 1330733140.708917
 41 
 1330733140.708962
 41 
 1330733140.708983
 41 
 1330733140.709025
 41 
 1330733140.709045
 41 
 1330733140.709069
 41 
 1330733140.709114
 41 
 1330733140.709135
 41 
 1330733140.709178
 41 
 1330733140.709198
 41 
 1330733140.709222
 41 
 1330733140.709268
 41 
 1330733140.709289
 41 
 1330733140.709331
 41 
 1330733140.709351
 41 
 1330733140.709371
 41 
 1330733140.709418
 41 
 1330733140.709438
 41 
 1330733140.709471
 41 
 1330733140.709496
 41 
 1330733140.709541
 41 
 1330733140.709585
 41 
 1330733140.709606
 41 
 1330733140.709649
 41 
 1330733140.709669
 41 
 1330733140.709690
 41 
 1330733140.709736
 41 
 1330733140.709756
 41 
 1330733140.709800
 41 
 1330733140.709821
 41 
 1330733140.709880
 41 
 1330733140.709901
 41 
 1330733140.709944
 41 
 1330733140.709965
 41 
 1330733140.710007
 41 
 1330733140.710028
 41 
 1330733140.710047
 41 
 1330733140.710093
 41 
 1330733140.710114
 41 
 1330733140.710156
 41 
 1330733140.710177
 41 
 1330733140.710221
 41 
 1330733140.710241
 41 
 1330733140.710283
 41 
 1330733140.710304
 41 
 1330733140.710347
 41 
 1330733140.710367
 41 
 1330733140.710387
 41 
 1330733140.710433
 41 
 1330733140.710453
 41 
 1330733140.710496
 41 
 1330733140.710516
 41 
 1330733140.710536
 41 
 1330733140.710585
 41 
 1330733140.710605
 41 
 1330733140.710639
 41 
 1330733140.710664
 41 
 1330733140.710709
 41 
 1330733140.710730
 41 
 1330733140.710773
 41 
 1330733140.710793
 41 
 1330733140.710813
 41 
 1330733140.710867
 41 
 1330733140.710888
 41 
 1330733140.710930
 41 
 1330733140.710950
 41 
 1330733140.710974
 41 
 1330733140.711019
 41 
 1330733140.711040
 41 
 1330733140.711083
 41 
 1330733140.711104
 41 
 1330733140.711146
 41 
 1330733140.711166
 41 
 1330733140.711209
 41 
 1330733140.711230
 41 
 1330733140.711250
 41 
 1330733140.711296
 41 
 1330733140.711316
 41 
 1330733140.711359
 41 
 1330733140.711379
 41 
 1330733140.711399
 41 
 1330733140.711445
 41 
 1330733140.711466
 41 
 1330733140.711499
 41 
 1330733140.711534
 41 
 1330733140.711578
 41 
 1330733140.711599
 41 
 1330733140.711618
 41 
 1330733140.711664
 41 
 1330733140.711684
 41 
 1330733140.711727
 41 
 1330733140.711748
 41 
 1330733140.777480
 42 
 1330733140.777502
 42 
 1330733140.777522
 42 
 1330733140.777568
 42 
 1330733140.777588
 42 
 1330733140.777608
 42 
 1330733140.777655
 42 
 1330733140.777676
 42 
 1330733140.777721
 42 
 1330733140.777741
 42 
 1330733140.777761
 42 
 1330733140.777806
 42 
 1330733140.777837
 42 
 1330733140.777876
 42 
 1330733140.777923
 42 
 1330733140.777944
 42 
 1330733140.777963
 42 
 1330733140.778008
 42 
 1330733140.778029
 42 
 1330733140.778071
 42 
 1330733140.778091
 42 
 1330733140.778133
 42 
 1330733140.778153
 42 
 1330733140.778196
 42 
 1330733140.778216
 42 
 1330733140.778258
 42 
 1330733140.778278
 42 
 1330733140.778321
 42 
 1330733140.778342
 42 
 1330733140.778369
 42 
 1330733140.801644
 43 
 1330733140.801696
 43 
 1330733140.801719
 43 
 1330733140.801740
 43 
 1330733140.801759
 43 
 1330733140.801779
 43 
 1330733140.801804
 43 
 1330733140.801867
 43 
 1330733140.801889
 43 
 1330733140.801936
 43 
 1330733140.801957
 43 
 1330733140.802002
 43 
 1330733140.802022
 43 
 1330733140.802067
 43 
 1330733140.802088
 43 
 1330733140.802132
 43 
 1330733140.802184
 43 
 1330733140.802204
 43 
 1330733140.802247
 43 
 1330733140.802267
 43 
 1330733140.802309
 43 
 1330733140.802329
 43 
 1330733140.802370
 43 
 1330733140.802390
 43 
 1330733140.802433
 43 
 1330733140.802453
 43 
 1330733140.802495
 43 
 1330733140.802516
 43 
 1330733140.865850
 44 
 1330733140.865873
 44 
 1330733140.865893
 44 
 1330733140.865930
 44 
 1330733140.865954
 44 
 1330733140.866000
 44 
 1330733140.866020
 44 
 1330733140.866055
 44 
 1330733140.866102
 44 
 1330733140.866122
 44 
 1330733140.866146
 44 
 1330733140.866190
 44 
 1330733140.866211
 44 
 1330733140.866246
 44 
 1330733140.866268
 44 
 1330733140.866316
 44 
 1330733140.866336
 44 
 1330733140.866379
 44 
 1330733140.866399
 44 
 1330733140.866442
 44 
 1330733140.866463
 44 
 1330733140.866505
 44 
 1330733140.866526
 44 
 1330733140.866546
 44 
 1330733140.866592
 44 
 1330733140.866612
 44 
 1330733140.866655
 44 
 1330733140.866675
 44 
 1330733140.866699
 44 
 1330733140.866743
 44 
 1330733140.866763
 44 
 1330733140.866807
 44 
 1330733140.866839
 44 
 1330733140.866884
 44 
 1330733140.866904
 44 
 1330733140.866947
 44 
 1330733140.866967
 44 
 1330733140.917770
 45 
 1330733140.917798
 45 
 1330733140.917818
 45 
 1330733140.917852
 45 
 1330733140.917873
 45 
 1330733140.917892
 45 
 1330733140.917938
 45 
 1330733140.917958
 45 
 1330733140.918018
 45 
 1330733140.918039
 45 
 1330733140.918083
 45 
 1330733140.918103
 45 
 1330733140.918123
 45 
 1330733140.918168
 45 
 1330733140.918188
 45 
 1330733140.918233
 45 
 1330733140.918253
 45 
 1330733140.918277
 45 
 1330733140.918321
 45 
 1330733140.918342
 45 
 1330733140.918383
 45 
 1330733140.918403
 45 
 1330733140.918426
 45 
 1330733140.918477
 45 
 1330733140.918497
 45 
 1330733140.918539
 45 
 1330733140.918559
 45 
 1330733140.918601
 45 
 1330733140.918622
 45 
 1330733140.918665
 45 
 1330733140.918685
 45 
 1330733140.918704
 45 
 1330733140.918749
 45 
 1330733140.918769
 45 
 1330733140.918812
 45 
 1330733140.918833
 45 
 1330733140.918880
 45 
 1330733140.957870
 46 
 1330733140.957897
 46 
 1330733140.957917
 46 
 1330733140.957954
 46 
 1330733141.023425
 47 
 1330733141.023474
 47 
 1330733141.023497
 47 
 1330733141.023515
 47 
 1330733141.023536
 47 
 1330733141.023556
 47 
 1330733141.023576
 47 
 1330733141.023596
 47 
 1330733141.023617
 47 
 1330733141.023666
 47 
 1330733141.023685
 47 
 1330733141.023705
 47 
 1330733141.023752
 47 
 1330733141.023772
 47 
 1330733141.023819
 47 
 1330733141.023857
 47 
 1330733141.023877
 47 
 1330733141.023898
 47 
 1330733141.023934
 47 
 1330733141.023958
 47 
 1330733141.024004
 47 
 1330733141.024024
 47 
 1330733141.024078
 47 
 1330733141.024099
 47 
 1330733141.024156
 47 
 1330733141.024177
 47 
 1330733141.024219
 47 
 1330733141.024239
 47 
 1330733141.049406
 48 
 1330733141.049426
 48 
 1330733141.049445
 48 
 1330733141.049491
 48 
 1330733141.049511
 48 
 1330733141.049531
 48 
 1330733141.049577
 48 
 1330733141.049598
 48 
 1330733141.049643
 48 
 1330733141.049663
 48 
 1330733141.049709
 48 
 1330733141.049729
 48 
 1330733141.104278
 49 
 1330733141.104325
 49 
 1330733141.104361
 49 
 1330733141.104393
 49 
 1330733141.104426
 49 
 1330733141.104484
 49 
 1330733141.104523
 49 
 1330733141.104579
 49 
 1330733141.104616
 49 
 1330733141.104672
 49 
 1330733141.104712
 49 
 1330733141.104767
 49 
 1330733141.104849
 49 
 1330733141.104904
 49 
 1330733141.104943
 49 
 1330733141.104998
 49 
 1330733141.178514
 50 
 1330733141.178552
 50 
 1330733141.178586
 50 
 1330733141.178641
 50 
 1330733141.178676
 50 
 1330733141.178733
 50 
 1330733141.178769
 50 
 1330733141.178855
 50 
 1330733141.178990
 50 
 1330733141.179022
 50 
 1330733141.179053
 50 
 1330733141.179086
 50 
 1330733141.179118
 50 
 1330733141.179150
 50 
 1330733141.179181
 50 
 1330733141.179212
 50 
 1330733141.179243
 50 
 1330733141.179274
 50 
 1330733141.179306
 50 
 1330733141.179338
 50 
 1330733141.179393
 50 
 1330733141.179571
 50 
 1330733141.179639
 50 
 1330733141.179673
 50 
 1330733141.179730
 50 
 1330733141.179764
 50 
 1330733141.179843
 50 
 1330733141.179902
 50 
 1330733141.179942
 50 
 1330733141.179996
 50 
 1330733141.180047
 50 
 1330733141.180099
 50 
 1330733141.180168
 50 
 1330733141.180202
 50 
 1330733141.180258
 50 
 1330733141.180297
 50 
 1330733141.180352
 50 
 1330733141.180404
 50 
 1330733141.180456
 50 
 1330733141.180508
 50 
 1330733141.180547
 50 
 1330733141.180602
 50 
 1330733141.180654
 50 
 1330733141.180706
 50 
 1330733141.180745
 50 
 1330733141.180800
 50 
 1330733141.257853
 52 
 1330733141.257889
 52 
 1330733141.257921
 52 
 1330733141.257953
 52 
 1330733141.258007
 52 
 1330733141.258046
 52 
 1330733141.258101
 52 
 1330733141.258136
 52 
 1330733141.258193
 52 
 1330733141.258232
 52 
 1330733141.258287
 52 
 1330733141.258358
 52 
 1330733141.258392
 52 
 1330733141.258448
 52 
 1330733141.258501
 52 
 1330733141.258553
 52 
 1330733141.258592
 52 
 1330733141.258646
 52 
 1330733141.258698
 52 
 1330733141.258751
 52 
 1330733141.258803
 52 
 1330733141.258855
 52 
 1330733141.258912
 52 
 1330733141.258951
 52 
 1330733141.259005
 52 
 1330733141.259045
 52 
 1330733141.306191
 53 
 1330733141.306227
 53 
 1330733141.306259
 53 
 1330733141.306313
 53 
 1330733141.306368
 53 
 1330733141.306423
 53 
 1330733141.306478
 53 
 1330733141.306533
 53 
 1330733141.306588
 53 
 1330733141.306640
 53 
 1330733141.306691
 53 
 1330733141.306744
 53 
 1330733141.409564
 55 
 1330733141.409600
 55 
 1330733141.409632
 55 
 1330733141.409663
 55 
 1330733141.409695
 55 
 1330733141.409751
 55 
 1330733141.409789
 55 
 1330733141.409850
 55 
 1330733141.409908
 55 
 1330733141.409947
 55 
 1330733141.410002
 55 
 1330733141.410058
 55 
 1330733141.410097
 55 
 1330733141.410152
 55 
 1330733141.410204
 55 
 1330733141.410256
 55 
 1330733141.410308
 55 
 1330733141.410359
 55 
 1330733141.410411
 55 
 1330733141.410451
 55 
 1330733141.410573
 55 
 1330733141.410642
 55 
 1330733141.410677
 55 
 1330733141.410734
 55 
 1330733141.410769
 55 
 1330733141.410825
 55 
 1330733141.410882
 55 
 1330733141.410935
 55 
 1330733141.410988
 55 
 1330733141.411040
 55 
 1330733141.411080
 55 
 1330733141.411134
 55 
 1330733141.411173
 55 
 1330733141.411228
 55 
 1330733141.411268
 55 
 1330733141.411322
 55 
 1330733141.411362
 55 
 1330733141.411417
 55 
 1330733141.411468
 55 
 1330733141.411522
 55 
 1330733141.411560
 55 
 1330733141.411615
 55 
 1330733141.411654
 55 
 1330733141.411708
 55 
 1330733141.411761
 55 
 1330733141.411812
 55 
 1330733141.411882
 55 
 1330733141.411921
 55 
 1330733141.411976
 55 
 1330733141.412028
 55 
 1330733141.412080
 55 
 1330733141.412131
 55 
 1330733141.412184
 55 
 1330733141.412223
 55 
 1330733141.412277
 55 
 1330733141.412329
 55 
 1330733141.412381
 55 
 1330733141.412433
 55 
 1330733141.412485
 55 
 1330733141.412524
 55 
 1330733141.412578
 55 
 1330733141.412655
 55 
 1330733141.412708
 55 
 1330733141.412747
 55 
 1330733141.412802
 55 
 1330733141.412867
 55 
 1330733141.412921
 55 
 1330733141.412961
 55 
 1330733141.413017
 55 
 1330733141.413052
 55 
 1330733141.413109
 55 
 1330733141.478267
 56 
 1330733141.478331
 56 
 1330733141.478367
 56 
 1330733141.478423
 56 
 1330733141.478458
 56 
 1330733141.478515
 56 
 1330733141.478554
 56 
 1330733141.478611
 56 
 1330733141.478646
 56 
 1330733141.478702
 56 
 1330733141.478737
 56 
 1330733141.478793
 56 
 1330733141.478849
 56 
 1330733141.478907
 56 
 1330733141.478942
 56 
 1330733141.478998
 56 
 1330733141.479037
 56 
 1330733141.479092
 56 
 1330733141.479131
 56 
 1330733141.479186
 56 
 1330733141.479225
 56 
 1330733141.479279
 56 
 1330733141.479331
 56 
 1330733141.479370
 56 
 1330733141.479425
 56 
 1330733141.496155
 57 
 1330733141.496191
 57 
 1330733141.496223
 57 
 1330733141.496280
 57 
 1330733141.496315
 57 
 1330733141.496372
 57 
 1330733141.565900
 58 
 1330733141.565940
 58 
 1330733141.565973
 58 
 1330733141.566029
 58 
 1330733141.566068
 58 
 1330733141.566124
 58 
 1330733141.566163
 58 
 1330733141.566219
 58 
 1330733141.566257
 58 
 1330733141.615037
 59 
 1330733141.615074
 59 
 1330733141.615109
 59 
 1330733141.615164
 59 
 1330733141.615199
 59 
 1330733141.615256
 59 
 1330733141.615295
 59 
 1330733141.615351
 59 
 1330733141.615390
 59 
 1330733141.615446
 59 
 1330733141.615501
 59 
 1330733141.615557
 59 
 1330733141.615610
 59 
 1330733141.615649
 59 
 1330733141.615703
 59 
 1330733141.615755
 59 
 1330733141.615808
 59 
 1330733141.615864
 59 
 1330733141.615918
 59 
 1330733141.615957
 59 
 1330733141.616012
 59 
 1330733141.616052
 59 
 1330733141.616107
 59 
 1330733141.616146
 59 
 1330733141.616201
 59 
 1330733141.616240
 59 
 1330733141.616296
 59 
 1330733141.616335
 59 
 1330733141.616390
 59 
 1330733141.616429
 59 
 1330733141.616484
 59 
 1330733141.616524
 59 
 1330733141.616579
 59 
 1330733141.616614
 59 
 1330733141.616670
 59 
 1330733141.616709
 59 
 1330733141.616763
 59 
 1330733141.616803
 59 
 1330733141.616876
 59 
 1330733141.616911
 59 
 1330733141.616969
 59 
 1330733141.617003
 59 
 1330733141.617060
 59 
 1330733141.617099
 59 
 1330733141.617153
 59 
 1330733141.617192
 59 
 1330733141.671696
 60 
 1330733141.671732
 60 
 1330733141.671764
 60 
 1330733141.671801
 60 
 1330733141.671875
 60 
 1330733141.671910
 60 
 1330733141.671968
 60 
 1330733141.672003
 60 
 1330733141.672059
 60 
 1330733141.672114
 60 
 1330733141.672169
 60 
 1330733141.672209
 60 
 1330733141.672264
 60 
 1330733141.672316
 60 
 1330733141.672368
 60 
 1330733141.672408
 60 
 1330733141.672461
 60 
 1330733141.672512
 60 
 1330733141.672565
 60 
 1330733141.672617
 60 
 1330733141.672669
 60 
 1330733141.672708
 60 
 1330733141.672762
 60 
 1330733141.672802
 60 
 1330733141.672876
 60 
 1330733141.672912
 60 
 1330733141.672968
 60 
 1330733141.673003
 60 
 1330733141.673060
 60 
 1330733141.708136
 61 
 1330733141.708171
 61 
 1330733141.708203
 61 
 1330733141.708261
 61 
 1330733141.708296
 61 
 1330733141.747755
 62 
 1330733141.747792
 62 
 1330733141.747824
 62 
 1330733141.747877
 62 
 1330733141.747935
 62 
 1330733141.747970
 62 
 1330733141.748027
 62 
 1330733141.748061
 62 
 1330733141.748118
 62 
 1330733141.748153
 62 
 1330733141.748211
 62 
 1330733141.748246
 62 
 1330733141.748304
 62 
 1330733141.748339
 62 
 1330733141.748395
 62 
 1330733141.748434
 62 
 1330733141.812515
 63 
 1330733141.812551
 63 
 1330733141.812583
 63 
 1330733141.812615
 63 
 1330733141.812670
 63 
 1330733141.812705
 63 
 1330733141.812762
 63 
 1330733141.812796
 63 
 1330733141.812871
 63 
 1330733141.812940
 63 
 1330733141.812975
 63 
 1330733141.813031
 63 
 1330733141.813070
 63 
 1330733141.847031
 64 
 1330733141.847067
 64 
 1330733141.847103
 64 
 1330733141.847159
 64 
 1330733141.847193
 64 
 1330733141.847250
 64 
 1330733141.847306
 64 
 1330733141.847362
 64 
 1330733141.847401
 64 
 1330733141.847457
 64 
 1330733141.847496
 64 
 1330733141.847552
 64 
 1330733141.847587
 64 
 1330733141.847643
 64 
 1330733141.847682
 64 
 1330733141.847736
 64 
 1330733141.847776
 64 
 1330733141.847846
 64 
 1330733141.847899
 64 
 1330733141.847952
 64 
 1330733141.847992
 64 
 1330733141.848047
 64 
 1330733141.848086
 64 
 1330733141.848141
 64 
 1330733141.848181
 64 
 1330733141.848236
 64 
 1330733141.848288
 64 
 1330733141.848341
 64 
 1330733141.848380
 64 
 1330733141.848435
 64 
 1330733141.848489
 64 
 1330733141.848528
 64 
 1330733141.848583
 64 
 1330733141.848623
 64 
 1330733141.848678
 64 
 1330733141.848718
 64 
 1330733141.848773
 64 
 1330733141.848813
 64 
 1330733141.848884
 64 
 1330733141.848920
 64 
 1330733141.848976
 64 
 1330733141.849011
 64 
 1330733141.849067
 64 
 1330733141.849101
 64 
 1330733141.849159
 64 
 1330733141.849197
 64 
 1330733141.849252
 64 
 1330733141.849292
 64 
 1330733141.849346
 64 
 1330733141.849385
 64 
 1330733141.849440
 64 
 1330733141.849480
 64 
 1330733141.849535
 64 
 1330733141.849574
 64 
 1330733141.849629
 64 
 1330733141.849668
 64 
 1330733141.849724
 64 
 1330733141.849763
 64 
 1330733141.849818
 64 
 1330733141.894411
 65 
 1330733141.894455
 65 
 1330733141.894488
 65 
 1330733141.894547
 65 
 1330733141.894581
 65 
 1330733141.894918
 65 
 1330733141.894980
 65 
 1330733141.895015
 65 
 1330733141.895073
 65 
 1330733141.895112
 65 
 1330733141.895169
 65 
 1330733141.895209
 65 
 1330733141.895266
 65 
 1330733141.895301
 65 
 1330733141.923106
 0 
 1330733141.960074
 66 
 1330733141.960114
 66 
 1330733141.981656
 1 
 1330733142.029648
 67 
 1330733142.029685
 67 
 1330733142.029717
 67 
 1330733142.029772
 67 
 1330733142.029865
 67 
 1330733142.029901
 67 
 1330733142.029934
 67 
 1330733142.029989
 67 
 1330733142.030023
 67 
 1330733142.030083
 67 
 1330733142.035492
 2 
 1330733142.067633
 68 
 1330733142.067669
 68 
 1330733142.067700
 68 
 1330733142.067758
 68 
 1330733142.067792
 68 
 1330733142.067862
 68 
 1330733142.067920
 68 
 1330733142.067955
 68 
 1330733142.068015
 68 
 1330733142.068049
 68 
 1330733142.068107
 68 
 1330733142.068147
 68 
 1330733142.068203
 68 
 1330733142.068242
 68 
 1330733142.068297
 68 
 1330733142.068336
 68 
 1330733142.068391
 68 
 1330733142.068431
 68 
 1330733142.068486
 68 
 1330733142.068525
 68 
 1330733142.068580
 68 
 1330733142.068620
 68 
 1330733142.068675
 68 
 1330733142.068714
 68 
 1330733142.068770
 68 
 1330733142.068805
 68 
 1330733142.068877
 68 
 1330733142.068914
 68 
 1330733142.068971
 68 
 1330733142.088877
 3 
 1330733142.104192
 4 
 1330733142.120242
 69 
 1330733142.120278
 69 
 1330733142.120316
 69 
 1330733142.120372
 69 
 1330733142.120412
 69 
 1330733142.120468
 69 
 1330733142.120507
 69 
 1330733142.120563
 69 
 1330733142.120618
 69 
 1330733142.120658
 69 
 1330733142.152018
 70 
 1330733142.152054
 70 
 1330733142.152087
 70 
 1330733142.152142
 70 
 1330733142.152177
 70 
 1330733142.152234
 70 
 1330733142.152269
 70 
 1330733142.152326
 70 
 1330733142.152381
 70 
 1330733142.152420
 70 
 1330733142.152475
 70 
 1330733142.152531
 70 
 1330733142.152584
 70 
 1330733142.152635
 70 
 1330733142.152687
 70 
 1330733142.152726
 70 
 1330733142.152781
 70 
 1330733142.152820
 70 
 1330733142.152893
 70 
 1330733142.152933
 70 
 1330733142.152988
 70 
 1330733142.153028
 70 
 1330733142.153083
 70 
 1330733142.153135
 70 
 1330733142.153187
 70 
 1330733142.153227
 70 
 1330733142.153282
 70 
 1330733142.153334
 70 
 1330733142.153386
 70 
 1330733142.153439
 70 
 1330733142.153491
 70 
 1330733142.153543
 70 
 1330733142.153595
 70 
 1330733142.153634
 70 
 1330733142.153690
 70 
 1330733142.153729
 70 
 1330733142.153783
 70 
 1330733142.153822
 70 
 1330733142.153894
 70 
 1330733142.153934
 70 
 1330733142.153989
 70 
 1330733142.154043
 70 
 1330733142.154078
 70 
 1330733142.154134
 70 
 1330733142.154173
 70 
 1330733142.154228
 70 
 1330733142.154281
 70 
 1330733142.154320
 70 
 1330733142.154376
 70 
 1330733142.154415
 70 
 1330733142.154471
 70 
 1330733142.154510
 70 
 1330733142.154565
 70 
 1330733142.154605
 70 
 1330733142.154659
 70 
 1330733142.154711
 70 
 1330733142.154750
 70 
 1330733142.154805
 70 
 1330733142.154872
 70 
 1330733142.154908
 70 
 1330733142.154966
 70 
 1330733142.165188
 5 
 1330733142.213637
 71 
 1330733142.213673
 71 
 1330733142.213706
 71 
 1330733142.213762
 71 
 1330733142.222681
 6 
 1330733142.246348
 72 
 1330733142.246385
 72 
 1330733142.246416
 72 
 1330733142.246473
 72 
 1330733142.246508
 72 
 1330733142.246564
 72 
 1330733142.246599
 72 
 1330733142.246682
 72 
 1330733142.246716
 72 
 1330733142.246774
 72 
 1330733142.246814
 72 
 1330733142.246888
 72 
 1330733142.246923
 72 
 1330733142.246980
 72 
 1330733142.247019
 72 
 1330733142.247075
 72 
 1330733142.247114
 72 
 1330733142.247169
 72 
 1330733142.247222
 72 
 1330733142.247261
 72 
 1330733142.247316
 72 
 1330733142.247355
 72 
 1330733142.247411
 72 
 1330733142.247450
 72 
 1330733142.247505
 72 
 1330733142.247543
 72 
 1330733142.247599
 72 
 1330733142.247638
 72 
 1330733142.247694
 72 
 1330733142.247733
 72 
 1330733142.247788
 72 
 1330733142.247823
 72 
 1330733142.247897
 72 
 1330733142.247932
 72 
 1330733142.247989
 72 
 1330733142.248024
 72 
 1330733142.248080
 72 
 1330733142.248119
 72 
 1330733142.248173
 72 
 1330733142.248226
 72 
 1330733142.248279
 72 
 1330733142.248331
 72 
 1330733142.248382
 72 
 1330733142.248421
 72 
 1330733142.248477
 72 
 1330733142.248516
 72 
 1330733142.248571
 72 
 1330733142.248623
 72 
 1330733142.248676
 72 
 1330733142.248715
 72 
 1330733142.248770
 72 
 1330733142.248823
 72 
 1330733142.248891
 72 
 1330733142.248944
 72 
 1330733142.287085
 7 
 1330733142.295265
 73 
 1330733142.295301
 73 
 1330733142.295356
 73 
 1330733142.295395
 73 
 1330733142.295450
 73 
 1330733142.295506
 73 
 1330733142.295562
 73 
 1330733142.295618
 73 
 1330733142.295675
 73 
 1330733142.295714
 73 
 1330733142.295769
 73 
 1330733142.295809
 73 
 1330733142.295880
 73 
 1330733142.295920
 73 
 1330733142.295975
 73 
 1330733142.296027
 73 
 1330733142.296066
 73 
 1330733142.346825
 74 
 1330733142.346884
 74 
 1330733142.346917
 74 
 1330733142.346948
 74 
 1330733142.347006
 74 
 1330733142.347040
 74 
 1330733142.347097
 74 
 1330733142.347137
 74 
 1330733142.347193
 74 
 1330733142.347228
 74 
 1330733142.393271
 75 
 1330733142.393318
 75 
 1330733142.393351
 75 
 1330733142.393413
 75 
 1330733142.393447
 75 
 1330733142.393505
 75 
 1330733142.393539
 75 
 1330733142.393597
 75 
 1330733142.393637
 75 
 1330733142.393696
 75 
 1330733142.442347
 76 
 1330733142.442384
 76 
 1330733142.442443
 76 
 1330733142.442478
 76 
 1330733142.442533
 76 
 1330733142.442590
 76 
 1330733142.442645
 76 
 1330733142.442698
 76 
 1330733142.442754
 76 
 1330733142.442805
 76 
 1330733142.442877
 76 
 1330733142.442928
 76 
 1330733142.442979
 76 
 1330733142.443029
 76 
 1330733142.443079
 76 
 1330733142.443130
 76 
 1330733142.443180
 76 
 1330733142.443230
 76 
 1330733142.443280
 76 
 1330733142.443329
 76 
 1330733142.443378
 76 
 1330733142.497307
 77 
 1330733142.497347
 77 
 1330733142.497381
 77 
 1330733142.497440
 77 
 1330733142.497476
 77 
 1330733142.497532
 77 
 1330733142.497567
 77 
 1330733142.497648
 77 
 1330733142.497688
 77 
 1330733142.497744
 77 
 1330733142.497800
 77 
 1330733142.497858
 77 
 1330733142.497918
 77 
 1330733142.497952
 77 
 1330733142.498009
 77 
 1330733142.572172
 78 
 1330733142.572208
 78 
 1330733142.572239
 78 
 1330733142.572271
 78 
 1330733142.572326
 78 
 1330733142.572382
 78 
 1330733142.572438
 78 
 1330733142.572494
 78 
 1330733142.572549
 78 
 1330733142.572604
 78 
 1330733142.572644
 78 
 1330733142.572700
 78 
 1330733142.572770
 78 
 1330733142.572804
 78 
 1330733142.572884
 78 
 1330733142.616515
 79 
 1330733142.616550
 79 
 1330733142.616584
 79 
 1330733142.616637
 79 
 1330733142.665852
 80 
 1330733142.665887
 80 
 1330733142.665919
 80 
 1330733142.665951
 80 
 1330733142.666005
 80 
 1330733142.666039
 80 
 1330733142.666098
 80 
 1330733142.666133
 80 
 1330733142.666189
 80 
 1330733142.666224
 80 
 1330733142.666281
 80 
 1330733142.666321
 80 
 1330733142.666375
 80 
 1330733142.666415
 80 
 1330733142.666469
 80 
 1330733142.666522
 80 
 1330733142.666560
 80 
 1330733142.666615
 80 
 1330733142.666667
 80 
 1330733142.666719
 80 
 1330733142.666759
 80 
 1330733142.666814
 80 
 1330733142.666882
 80 
 1330733142.666936
 80 
 1330733142.666976
 80 
 1330733142.667030
 80 
 1330733142.667069
 80 
 1330733142.667125
 80 
 1330733142.667160
 80 
 1330733142.667216
 80 
 1330733142.667251
 80 
 1330733142.667307
 80 
 1330733142.667342
 80 
 1330733142.667398
 80 
 1330733142.667433
 80 
 1330733142.667489
 80 
 1330733142.667523
 80 
 1330733142.667580
 80 
 1330733142.667615
 80 
 1330733142.667671
 80 
 1330733142.667710
 80 
 1330733142.667765
 80 
 1330733142.667804
 80 
 1330733142.667874
 80 
 1330733142.667911
 80 
 1330733142.667967
 80 
 1330733142.668002
 80 
 1330733142.668058
 80 
 1330733142.668093
 80 
 1330733142.668168
 80 
 1330733142.668203
 80 
 1330733142.668259
 80 
 1330733142.668293
 80 
 1330733142.668350
 80 
 1330733142.668384
 80 
 1330733142.668441
 80 
 1330733142.668492
 80 
 1330733142.668532
 80 
 1330733142.668587
 80 
 1330733142.668639
 80 
 1330733142.668691
 80 
 1330733142.668742
 80 
 1330733142.668793
 80 
 1330733142.668850
 80 
 1330733142.668907
 80 
 1330733142.668959
 80 
 1330733142.669011
 80 
 1330733142.669063
 80 
 1330733142.669115
 80 
 1330733142.669154
 80 
 1330733142.669210
 80 
 1330733142.669262
 80 
 1330733142.669315
 80 
 1330733142.669354
 80 
 1330733142.669408
 80 
 1330733142.669447
 80 
 1330733142.669503
 80 
 1330733142.669542
 80 
 1330733142.669597
 80 
 1330733142.669649
 80 
 1330733142.669701
 80 
 1330733142.669753
 80 
 1330733142.669806
 80 
 1330733142.669864
 80 
 1330733142.669921
 80 
 1330733142.669956
 80 
 1330733142.670013
 80 
 1330733142.670048
 80 
 1330733142.670105
 80 
 1330733142.670139
 80 
 1330733142.670196
 80 
 1330733142.670230
 80 
 1330733142.670288
 80 
 1330733142.670323
 80 
 1330733142.670379
 80 
 1330733142.670413
 80 
 1330733142.670470
 80 
 1330733142.670505
 80 
 1330733142.670560
 80 
 1330733142.670595
 80 
 1330733142.670651
 80 
 1330733142.670686
 80 
 1330733142.693988
 81 
 1330733142.694025
 81 
 1330733142.761065
 82 
 1330733142.761101
 82 
 1330733142.761133
 82 
 1330733142.761166
 82 
 1330733142.761221
 82 
 1330733142.761256
 82 
 1330733142.761313
 82 
 1330733142.761348
 82 
 1330733142.761405
 82 
 1330733142.761440
 82 
 1330733142.761498
 82 
 1330733142.761532
 82 
 1330733142.761588
 82 
 1330733142.761623
 82 
 1330733142.761679
 82 
 1330733142.761719
 82 
 1330733142.761774
 82 
 1330733142.761845
 82 
 1330733142.761882
 82 
 1330733142.761936
 82 
 1330733142.761976
 82 
 1330733142.762031
 82 
 1330733142.762070
 82 
 1330733142.762126
 82 
 1330733142.762165
 82 
 1330733142.762220
 82 
 1330733142.762260
 82 
 1330733142.762314
 82 
 1330733142.762353
 82 
 1330733142.762408
 82 
 1330733142.762460
 82 
 1330733142.762512
 82 
 1330733142.762564
 82 
 1330733142.762615
 82 
 1330733142.762654
 82 
 1330733142.762710
 82 
 1330733142.762762
 82 
 1330733142.762801
 82 
 1330733142.762876
 82 
 1330733142.762912
 82 
 1330733142.762969
 82 
 1330733142.763003
 82 
 1330733142.763059
 82 
 1330733142.763095
 82 
 1330733142.763151
 82 
 1330733142.763191
 82 
 1330733142.763246
 82 
 1330733142.763280
 82 
 1330733142.763337
 82 
 1330733142.763372
 82 
 1330733142.763428
 82 
 1330733142.763463
 82 
 1330733142.763519
 82 
 1330733142.763554
 82 
 1330733142.763610
 82 
 1330733142.763645
 82 
 1330733142.763701
 82 
 1330733142.763740
 82 
 1330733142.763794
 82 
 1330733142.763853
 82 
 1330733142.763910
 82 
 1330733142.763949
 82 
 1330733142.764004
 82 
 1330733142.764044
 82 
 1330733142.764098
 82 
 1330733142.764150
 82 
 1330733142.764203
 82 
 1330733142.764242
 82 
 1330733142.764297
 82 
 1330733142.764337
 82 
 1330733142.764391
 82 
 1330733142.764430
 82 
 1330733142.764486
 82 
 1330733142.764521
 82 
 1330733142.764578
 82 
 1330733142.764613
 82 
 1330733142.764670
 82 
 1330733142.764704
 82 
 1330733142.764760
 82 
 1330733142.764795
 82 
 1330733142.764862
 82 
 1330733142.764898
 82 
 1330733142.764954
 82 
 1330733142.764988
 82 
 1330733142.765045
 82 
 1330733142.765080
 82 
 1330733142.765136
 82 
 1330733142.765176
 82 
 1330733142.765230
 82 
 1330733142.765270
 82 
 1330733142.765325
 82 
 1330733142.765364
 82 
 1330733142.765418
 82 
 1330733142.765470
 82 
 1330733142.765521
 82 
 1330733142.765575
 82 
 1330733142.765613
 82 
 1330733142.765687
 82 
 1330733142.765722
 82 
 1330733142.765778
 82 
 1330733142.765817
 82 
 1330733142.765888
 82 
 1330733142.765928
 82 
 1330733142.765983
 82 
 1330733142.766023
 82 
 1330733142.766077
 82 
 1330733142.766130
 82 
 1330733142.766170
 82 
 1330733142.766225
 82 
 1330733142.766264
 82 
 1330733142.766319
 82 
 1330733142.766353
 82 
 1330733142.766410
 82 
 1330733142.766445
 82 
 1330733142.766501
 82 
 1330733142.766535
 82 
 1330733142.766593
 82 
 1330733142.766632
 82 
 1330733142.766686
 82 
 1330733142.766726
 82 
 1330733142.766781
 82 
 1330733142.766820
 82 
 1330733142.766892
 82 
 1330733142.793047
 83 
 1330733142.793083
 83 
 1330733142.793117
 83 
 1330733142.793172
 83 
 1330733142.793211
 83 
 1330733142.793266
 83 
 1330733142.793321
 83 
 1330733142.793376
 83 
 1330733142.793431
 83 
 1330733142.793487
 83 
 1330733142.793526
 83 
 1330733142.793581
 83 
 1330733142.793632
 83 
 1330733142.793684
 83 
 1330733142.793737
 83 
 1330733142.793789
 83 
 1330733142.793848
 83 
 1330733142.793902
 83 
 1330733142.793937
 83 
 1330733142.793994
 83 
 1330733142.794046
 83 
 1330733142.794085
 83 
 1330733142.794140
 83 
 1330733142.858714
 84 
 1330733142.858749
 84 
 1330733142.858803
 84 
 1330733142.858858
 84 
 1330733142.858916
 84 
 1330733142.858950
 84 
 1330733142.859009
 84 
 1330733142.859043
 84 
 1330733142.859101
 84 
 1330733142.859139
 84 
 1330733142.859195
 84 
 1330733142.859235
 84 
 1330733142.859291
 84 
 1330733142.859326
 84 
 1330733142.859382
 84 
 1330733142.859417
 84 
 1330733142.859473
 84 
 1330733142.859508
 84 
 1330733142.859564
 84 
 1330733142.859603
 84 
 1330733142.859658
 84 
 1330733142.859697
 84 
 1330733142.913184
 85 
 1330733142.913243
 85 
 1330733142.942320
 86 
 1330733142.942356
 86 
 1330733142.942410
 86 
 1330733142.942464
 86 
 1330733142.942518
 86 
 1330733142.942572
 86 
 1330733142.942625
 86 
 1330733142.942676
 86 
 1330733142.942726
 86 
 1330733142.942776
 86 
 1330733142.942825
 86 
 1330733142.942890
 86 
 1330733142.942926
 86 
 1330733142.942978
 86 
 1330733142.943029
 86 
 1330733142.943078
 86 
 1330733142.943129
 86 
 1330733142.943179
 86 
 1330733142.943229
 86 
 1330733142.943278
 86 
 1330733142.943328
 86 
 1330733142.943376
 86 
 1330733142.943426
 86 
 1330733142.943476
 86 
 1330733142.943527
 86 
 1330733143.030256
 87 
 1330733143.030294
 87 
 1330733143.030326
 87 
 1330733143.030383
 87 
 1330733143.075852
 88 
 1330733143.075889
 88 
 1330733143.075921
 88 
 1330733143.075980
 88 
 1330733143.076015
 88 
 1330733143.076072
 88 
 1330733143.076112
 88 
 1330733143.076167
 88 
 1330733143.076206
 88 
 1330733143.130158
 89 
 1330733143.130195
 89 
 1330733143.175074
 90 
 1330733143.175110
 90 
 1330733143.175143
 90 
 1330733143.175197
 90 
 1330733143.175251
 90 
 1330733143.175307
 90 
 1330733143.175362
 90 
 1330733143.175417
 90 
 1330733143.175472
 90 
 1330733143.175511
 90 
 1330733143.175567
 90 
 1330733143.175601
 90 
 1330733143.175658
 90 
 1330733143.175698
 90 
 1330733143.175752
 90 
 1330733143.175805
 90 
 1330733143.175857
 90 
 1330733143.175915
 90 
 1330733143.175954
 90 
 1330733143.176009
 90 
 1330733143.176047
 90 
 1330733143.176102
 90 
 1330733143.176142
 90 
 1330733143.176197
 90 
 1330733143.176236
 90 
 1330733143.176291
 90 
 1330733143.176344
 90 
 1330733143.176383
 90 
 1330733143.176439
 90 
 1330733143.176478
 90 
 1330733143.176533
 90 
 1330733143.176572
 90 
 1330733143.176627
 90 
 1330733143.176666
 90 
 1330733143.176722
 90 
 1330733143.176775
 90 
 1330733143.176815
 90 
 1330733143.176886
 90 
 1330733143.176926
 90 
 1330733143.176979
 90 
 1330733143.177031
 90 
 1330733143.177084
 90 
 1330733143.177136
 90 
 1330733143.177175
 90 
 1330733143.190413
 91 
 1330733143.190471
 91 
 1330733143.190511
 91 
 1330733143.190567
 91 
 1330733143.190607
 91 
 1330733143.190662
 91 
 1330733143.190701
 91 
 1330733143.190757
 91 
 1330733143.190811
 91 
 1330733143.190869
 91 
 1330733143.190926
 91 
 1330733143.190965
 91 
 1330733143.191022
 91 
 1330733143.191057
 91 
 1330733143.191114
 91 
 1330733143.191149
 91 
 1330733143.191205
 91 
 1330733143.191240
 91 
 1330733143.264013
 92 
 1330733143.264048
 92 
 1330733143.264081
 92 
 1330733143.264113
 92 
 1330733143.264168
 92 
 1330733143.264208
 92 
 1330733143.264264
 92 
 1330733143.264300
 92 
 1330733143.264355
 92 
 1330733143.264395
 92 
 1330733143.264451
 92 
 1330733143.264486
 92 
 1330733143.264542
 92 
 1330733143.264582
 92 
 1330733143.264637
 92 
 1330733143.264689
 92 
 1330733143.264740
 92 
 1330733143.264792
 92 
 1330733143.264849
 92 
 1330733143.264907
 92 
 1330733143.264947
 92 
 1330733143.265001
 92 
 1330733143.265054
 92 
 1330733143.265093
 92 
 1330733143.265149
 92 
 1330733143.265188
 92 
 1330733143.265261
 92 
 1330733143.265296
 92 
 1330733143.265352
 92 
 1330733143.296775
 93 
 1330733143.296811
 93 
 1330733143.296866
 93 
 1330733143.296899
 93 
 1330733143.296956
 93 
 1330733143.296994
 93 
 1330733143.297049
 93 
 1330733143.297104
 93 
 1330733143.297160
 93 
 1330733143.297215
 93 
 1330733143.297271
 93 
 1330733143.297324
 93 
 1330733143.297376
 93 
 1330733143.297429
 93 
 1330733143.297469
 93 
 1330733143.297522
 93 
 1330733143.297575
 93 
 1330733143.297614
 93 
 1330733143.297668
 93 
 1330733143.297720
 93 
 1330733143.297773
 93 
 1330733143.297825
 93 
 1330733143.297892
 93 
 1330733143.297944
 93 
 1330733143.297996
 93 
 1330733143.298048
 93 
 1330733143.298101
 93 
 1330733143.298154
 93 
 1330733143.298206
 93 
 1330733143.298245
 93 
 1330733143.298301
 93 
 1330733143.298340
 93 
 1330733143.298395
 93 
 1330733143.298434
 93 
 1330733143.298489
 93 
 1330733143.298541
 93 
 1330733143.298582
 93 
 1330733143.298636
 93 
 1330733143.376780
 94 
 1330733143.376815
 94 
 1330733143.376865
 94 
 1330733143.376897
 94 
 1330733143.376929
 94 
 1330733143.376985
 94 
 1330733143.377041
 94 
 1330733143.377097
 94 
 1330733143.377132
 94 
 1330733143.377189
 94 
 1330733143.377260
 94 
 1330733143.377295
 94 
 1330733143.377351
 94 
 1330733143.377391
 94 
 1330733143.377446
 94 
 1330733143.377485
 94 
 1330733143.377539
 94 
 1330733143.377590
 94 
 1330733143.377641
 94 
 1330733143.377694
 94 
 1330733143.377745
 94 
 1330733143.377797
 94 
 1330733143.377850
 94 
 1330733143.377909
 94 
 1330733143.377944
 94 
 1330733143.378000
 94 
 1330733143.378038
 94 
 1330733143.378093
 94 
 1330733143.378145
 94 
 1330733143.378197
 94 
 1330733143.378236
 94 
 1330733143.378291
 94 
 1330733143.378343
 94 
 1330733143.378395
 94 
 1330733143.378447
 94 
 1330733143.378487
 94 
 1330733143.378540
 94 
 1330733143.378592
 94 
 1330733143.378644
 94 
 1330733143.378696
 94 
 1330733143.378748
 94 
 1330733143.378800
 94 
 1330733143.404615
 95 
 1330733143.404651
 95 
 1330733143.404685
 95 
 1330733143.404739
 95 
 1330733143.404795
 95 
 1330733143.404861
 95 
 1330733143.404919
 95 
 1330733143.404958
 95 
 1330733143.405014
 95 
 1330733143.405049
 95 
 1330733143.405107
 95 
 1330733143.405141
 95 
 1330733143.405198
 95 
 1330733143.405237
 95 
 1330733143.405292
 95 
 1330733143.463432
 96 
 1330733143.463472
 96 
 1330733143.463505
 96 
 1330733143.463563
 96 
 1330733143.463598
 96 
 1330733143.517748
 97 
 1330733143.517784
 97 
 1330733143.517816
 97 
 1330733143.517871
 97 
 1330733143.517926
 97 
 1330733143.517966
 97 
 1330733143.518021
 97 
 1330733143.518077
 97 
 1330733143.518132
 97 
 1330733143.518188
 97 
 1330733143.518243
 97 
 1330733143.518294
 97 
 1330733143.518347
 97 
 1330733143.518399
 97 
 1330733143.518452
 97 
 1330733143.518504
 97 
 1330733143.518557
 97 
 1330733143.518609
 97 
 1330733143.518660
 97 
 1330733143.518713
 97 
 1330733143.518765
 97 
 1330733143.518816
 97 
 1330733143.518887
 97 
 1330733143.518940
 97 
 1330733143.518991
 97 
 1330733143.519043
 97 
 1330733143.519083
 97 
 1330733143.519136
 97 
 1330733143.519189
 97 
 1330733143.602423
 99 
timeout.
packet count: 2549 
