 1330733228.857488
 0 
 1330733228.921060
 1 
 1330733228.921104
 1 
 1330733228.921127
 1 
 1330733228.921187
 1 
 1330733228.921209
 1 
 1330733228.921263
 1 
 1330733228.921284
 1 
 1330733228.921333
 1 
 1330733228.921369
 1 
 1330733228.921416
 1 
 1330733228.921452
 1 
 1330733228.921496
 1 
 1330733228.921558
 1 
 1330733228.921602
 1 
 1330733228.921622
 1 
 1330733228.921670
 1 
 1330733228.921716
 1 
 1330733228.921737
 1 
 1330733228.921788
 1 
 1330733228.921822
 1 
 1330733228.921882
 1 
 1330733228.921927
 1 
 1330733228.921948
 1 
 1330733228.922011
 1 
 1330733228.922055
 1 
 1330733228.922076
 1 
 1330733228.922125
 1 
 1330733228.922168
 1 
 1330733228.922189
 1 
 1330733228.953210
 2 
 1330733228.953232
 2 
 1330733228.953256
 2 
 1330733228.953315
 2 
 1330733228.953369
 2 
 1330733228.953390
 2 
 1330733228.953444
 2 
 1330733228.953464
 2 
 1330733228.953512
 2 
 1330733228.953549
 2 
 1330733228.953586
 2 
 1330733228.953632
 2 
 1330733228.953654
 2 
 1330733228.953704
 2 
 1330733228.953749
 2 
 1330733228.953770
 2 
 1330733228.953823
 2 
 1330733228.953878
 2 
 1330733228.953899
 2 
 1330733228.953949
 2 
 1330733228.953970
 2 
 1330733228.954019
 2 
 1330733228.954062
 2 
 1330733228.954082
 2 
 1330733228.954125
 2 
 1330733228.954169
 2 
 1330733228.954220
 2 
 1330733228.954263
 2 
 1330733228.954284
 2 
 1330733228.954332
 2 
 1330733228.954375
 2 
 1330733228.954396
 2 
 1330733228.954439
 2 
 1330733228.954483
 2 
 1330733228.954503
 2 
 1330733228.954552
 2 
 1330733228.954594
 2 
 1330733228.954615
 2 
 1330733228.954665
 2 
 1330733228.954686
 2 
 1330733228.954733
 2 
 1330733228.954783
 2 
 1330733228.954804
 2 
 1330733228.954863
 2 
 1330733228.954914
 2 
 1330733228.954935
 2 
 1330733228.954983
 2 
 1330733228.955026
 2 
 1330733228.955047
 2 
 1330733228.955110
 2 
 1330733228.955130
 2 
 1330733228.955178
 2 
 1330733228.955221
 2 
 1330733228.955241
 2 
 1330733228.955284
 2 
 1330733228.955329
 2 
 1330733228.955349
 2 
 1330733228.955398
 2 
 1330733228.955441
 2 
 1330733228.955462
 2 
 1330733228.955506
 2 
 1330733228.955526
 2 
 1330733228.955569
 2 
 1330733228.955589
 2 
 1330733228.955632
 2 
 1330733228.955653
 2 
 1330733228.955696
 2 
 1330733228.955716
 2 
 1330733228.955760
 2 
 1330733228.955780
 2 
 1330733228.955823
 2 
 1330733228.955854
 2 
 1330733228.955903
 2 
 1330733228.955923
 2 
 1330733228.955966
 2 
 1330733228.955986
 2 
 1330733228.956006
 2 
 1330733228.956052
 2 
 1330733228.956073
 2 
 1330733228.956106
 2 
 1330733228.956127
 2 
 1330733229.018775
 3 
 1330733229.018812
 3 
 1330733229.018997
 3 
 1330733229.019018
 3 
 1330733229.019038
 3 
 1330733229.019058
 3 
 1330733229.019078
 3 
 1330733229.019097
 3 
 1330733229.019116
 3 
 1330733229.019136
 3 
 1330733229.019155
 3 
 1330733229.019174
 3 
 1330733229.019194
 3 
 1330733229.019212
 3 
 1330733229.019231
 3 
 1330733229.019250
 3 
 1330733229.019301
 3 
 1330733229.019321
 3 
 1330733229.019342
 3 
 1330733229.019379
 3 
 1330733229.019400
 3 
 1330733229.019462
 3 
 1330733229.019483
 3 
 1330733229.019519
 3 
 1330733229.019558
 3 
 1330733229.019597
 3 
 1330733229.019618
 3 
 1330733229.019663
 3 
 1330733229.019684
 3 
 1330733229.019726
 3 
 1330733229.019746
 3 
 1330733229.019780
 3 
 1330733229.019805
 3 
 1330733229.019859
 3 
 1330733229.019880
 3 
 1330733229.019924
 3 
 1330733229.019945
 3 
 1330733229.019987
 3 
 1330733229.020008
 3 
 1330733229.020028
 3 
 1330733229.020073
 3 
 1330733229.020094
 3 
 1330733229.020136
 3 
 1330733229.020157
 3 
 1330733229.020176
 3 
 1330733229.020222
 3 
 1330733229.020242
 3 
 1330733229.020285
 3 
 1330733229.020306
 3 
 1330733229.020348
 3 
 1330733229.020368
 3 
 1330733229.020402
 3 
 1330733229.020437
 3 
 1330733229.020471
 3 
 1330733229.020496
 3 
 1330733229.020540
 3 
 1330733229.020561
 3 
 1330733229.020603
 3 
 1330733229.020623
 3 
 1330733229.020643
 3 
 1330733229.020689
 3 
 1330733229.020709
 3 
 1330733229.020752
 3 
 1330733229.020772
 3 
 1330733229.020815
 3 
 1330733229.020845
 3 
 1330733229.020904
 3 
 1330733229.020925
 3 
 1330733229.020955
 3 
 1330733229.020989
 3 
 1330733229.021009
 3 
 1330733229.021055
 3 
 1330733229.021075
 3 
 1330733229.021118
 3 
 1330733229.021139
 3 
 1330733229.021181
 3 
 1330733229.021201
 3 
 1330733229.021234
 3 
 1330733229.021281
 3 
 1330733229.021301
 3 
 1330733229.021345
 3 
 1330733229.021365
 3 
 1330733229.021407
 3 
 1330733229.021428
 3 
 1330733229.021470
 3 
 1330733229.021490
 3 
 1330733229.021523
 3 
 1330733229.021548
 3 
 1330733229.021593
 3 
 1330733229.021614
 3 
 1330733229.021656
 3 
 1330733229.021677
 3 
 1330733229.021709
 3 
 1330733229.021762
 3 
 1330733229.021782
 3 
 1330733229.021834
 3 
 1330733229.021855
 3 
 1330733229.021898
 3 
 1330733229.021919
 3 
 1330733229.021962
 3 
 1330733229.021982
 3 
 1330733229.022015
 3 
 1330733229.022036
 3 
 1330733229.022098
 3 
 1330733229.022118
 3 
 1330733229.022161
 3 
 1330733229.022181
 3 
 1330733229.022201
 3 
 1330733229.022246
 3 
 1330733229.069387
 4 
 1330733229.069427
 4 
 1330733229.069448
 4 
 1330733229.069466
 4 
 1330733229.069486
 4 
 1330733229.069543
 4 
 1330733229.069564
 4 
 1330733229.069601
 4 
 1330733229.123914
 5 
 1330733229.123947
 5 
 1330733229.123966
 5 
 1330733229.123985
 5 
 1330733229.124005
 5 
 1330733229.124045
 5 
 1330733229.124066
 5 
 1330733229.124112
 5 
 1330733229.124132
 5 
 1330733229.124169
 5 
 1330733229.124206
 5 
 1330733229.124232
 5 
 1330733229.124277
 5 
 1330733229.124297
 5 
 1330733229.124333
 5 
 1330733229.124354
 5 
 1330733229.124401
 5 
 1330733229.124421
 5 
 1330733229.124464
 5 
 1330733229.124484
 5 
 1330733229.124504
 5 
 1330733229.124550
 5 
 1330733229.124571
 5 
 1330733229.124613
 5 
 1330733229.124633
 5 
 1330733229.124658
 5 
 1330733229.124702
 5 
 1330733229.124723
 5 
 1330733229.124766
 5 
 1330733229.124818
 5 
 1330733229.124855
 5 
 1330733229.124875
 5 
 1330733229.145335
 6 
 1330733229.145364
 6 
 1330733229.145385
 6 
 1330733229.145404
 6 
 1330733229.145442
 6 
 1330733229.145466
 6 
 1330733229.145511
 6 
 1330733229.145532
 6 
 1330733229.145568
 6 
 1330733229.145590
 6 
 1330733229.145637
 6 
 1330733229.145658
 6 
 1330733229.145693
 6 
 1330733229.145717
 6 
 1330733229.145763
 6 
 1330733229.145783
 6 
 1330733229.145836
 6 
 1330733229.145858
 6 
 1330733229.145892
 6 
 1330733229.145913
 6 
 1330733229.145958
 6 
 1330733229.145979
 6 
 1330733229.146021
 6 
 1330733229.146042
 6 
 1330733229.146085
 6 
 1330733229.146105
 6 
 1330733229.146148
 6 
 1330733229.146169
 6 
 1330733229.146212
 6 
 1330733229.146234
 6 
 1330733229.146276
 6 
 1330733229.146297
 6 
 1330733229.146339
 6 
 1330733229.146359
 6 
 1330733229.146392
 6 
 1330733229.146417
 6 
 1330733229.146461
 6 
 1330733229.146482
 6 
 1330733229.146525
 6 
 1330733229.146545
 6 
 1330733229.146579
 6 
 1330733229.146604
 6 
 1330733229.146649
 6 
 1330733229.146670
 6 
 1330733229.146712
 6 
 1330733229.146732
 6 
 1330733229.146752
 6 
 1330733229.146798
 6 
 1330733229.146819
 6 
 1330733229.146871
 6 
 1330733229.146892
 6 
 1330733229.146936
 6 
 1330733229.146957
 6 
 1330733229.147000
 6 
 1330733229.147052
 6 
 1330733229.147073
 6 
 1330733229.147115
 6 
 1330733229.147135
 6 
 1330733229.147155
 6 
 1330733229.147200
 6 
 1330733229.147221
 6 
 1330733229.147254
 6 
 1330733229.147274
 6 
 1330733229.147319
 6 
 1330733229.147339
 6 
 1330733229.147382
 6 
 1330733229.147402
 6 
 1330733229.147422
 6 
 1330733229.147467
 6 
 1330733229.147488
 6 
 1330733229.147531
 6 
 1330733229.147551
 6 
 1330733229.147593
 6 
 1330733229.147614
 6 
 1330733229.147634
 6 
 1330733229.147680
 6 
 1330733229.147701
 6 
 1330733229.147743
 6 
 1330733229.147764
 6 
 1330733229.147784
 6 
 1330733229.147837
 6 
 1330733229.147872
 6 
 1330733229.147906
 6 
 1330733229.147940
 6 
 1330733229.147964
 6 
 1330733229.148010
 6 
 1330733229.148030
 6 
 1330733229.148073
 6 
 1330733229.200851
 7 
 1330733229.200882
 7 
 1330733229.200903
 7 
 1330733229.200941
 7 
 1330733229.200961
 7 
 1330733229.201007
 7 
 1330733229.201028
 7 
 1330733229.201062
 7 
 1330733229.201083
 7 
 1330733229.201114
 7 
 1330733229.201159
 7 
 1330733229.201180
 7 
 1330733229.201199
 7 
 1330733229.201246
 7 
 1330733229.201267
 7 
 1330733229.201301
 7 
 1330733229.201326
 7 
 1330733229.201370
 7 
 1330733229.268227
 8 
 1330733229.298565
 9 
 1330733229.298609
 9 
 1330733229.298643
 9 
 1330733229.298706
 9 
 1330733229.356538
 10 
 1330733229.356576
 10 
 1330733229.356637
 10 
 1330733229.356676
 10 
 1330733229.356733
 10 
 1330733229.402032
 11 
 1330733229.402069
 11 
 1330733229.402102
 11 
 1330733229.402159
 11 
 1330733229.402197
 11 
 1330733229.402254
 11 
 1330733229.402293
 11 
 1330733229.402349
 11 
 1330733229.402388
 11 
 1330733229.402444
 11 
 1330733229.402502
 11 
 1330733229.402541
 11 
 1330733229.402596
 11 
 1330733229.402635
 11 
 1330733229.402690
 11 
 1330733229.402729
 11 
 1330733229.402784
 11 
 1330733229.402823
 11 
 1330733229.402897
 11 
 1330733229.402937
 11 
 1330733229.402993
 11 
 1330733229.403046
 11 
 1330733229.403085
 11 
 1330733229.403141
 11 
 1330733229.403181
 11 
 1330733229.403236
 11 
 1330733229.403270
 11 
 1330733229.403327
 11 
 1330733229.403362
 11 
 1330733229.403419
 11 
 1330733229.475528
 12 
 1330733229.475567
 12 
 1330733229.475600
 12 
 1330733229.475658
 12 
 1330733229.475692
 12 
 1330733229.475748
 12 
 1330733229.475805
 12 
 1330733229.475859
 12 
 1330733229.475918
 12 
 1330733229.475952
 12 
 1330733229.476009
 12 
 1330733229.476045
 12 
 1330733229.476102
 12 
 1330733229.476136
 12 
 1330733229.476193
 12 
 1330733229.512867
 13 
 1330733229.512903
 13 
 1330733229.512958
 13 
 1330733229.513013
 13 
 1330733229.513069
 13 
 1330733229.513125
 13 
 1330733229.513181
 13 
 1330733229.513237
 13 
 1330733229.513277
 13 
 1330733229.513333
 13 
 1330733229.513372
 13 
 1330733229.513427
 13 
 1330733229.513479
 13 
 1330733229.513518
 13 
 1330733229.513573
 13 
 1330733229.513625
 13 
 1330733229.513665
 13 
 1330733229.543105
 14 
 1330733229.543145
 14 
 1330733229.543177
 14 
 1330733229.543236
 14 
 1330733229.543276
 14 
 1330733229.543332
 14 
 1330733229.543367
 14 
 1330733229.543424
 14 
 1330733229.543481
 14 
 1330733229.543537
 14 
 1330733229.543593
 14 
 1330733229.543646
 14 
 1330733229.543698
 14 
 1330733229.543751
 14 
 1330733229.543792
 14 
 1330733229.543855
 14 
 1330733229.543909
 14 
 1330733229.543961
 14 
 1330733229.544014
 14 
 1330733229.544066
 14 
 1330733229.544119
 14 
 1330733229.544170
 14 
 1330733229.544223
 14 
 1330733229.544275
 14 
 1330733229.544327
 14 
 1330733229.544379
 14 
 1330733229.588097
 15 
 1330733229.588137
 15 
 1330733229.588169
 15 
 1330733229.588228
 15 
 1330733229.588263
 15 
 1330733229.588319
 15 
 1330733229.588376
 15 
 1330733229.588433
 15 
 1330733229.588490
 15 
 1330733229.588526
 15 
 1330733229.588583
 15 
 1330733229.588619
 15 
 1330733229.642932
 16 
 1330733229.642973
 16 
 1330733229.643006
 16 
 1330733229.643063
 16 
 1330733229.643099
 16 
 1330733229.643156
 16 
 1330733229.643192
 16 
 1330733229.643249
 16 
 1330733229.643289
 16 
 1330733229.643345
 16 
 1330733229.643401
 16 
 1330733229.643456
 16 
 1330733229.643509
 16 
 1330733229.643561
 16 
 1330733229.643613
 16 
 1330733229.643666
 16 
 1330733229.643717
 16 
 1330733229.643770
 16 
 1330733229.643809
 16 
 1330733229.643880
 16 
 1330733229.643920
 16 
 1330733229.643975
 16 
 1330733229.644029
 16 
 1330733229.644068
 16 
 1330733229.644123
 16 
 1330733229.644175
 16 
 1330733229.644233
 16 
 1330733229.644267
 16 
 1330733229.644322
 16 
 1330733229.644376
 16 
 1330733229.644411
 16 
 1330733229.644467
 16 
 1330733229.644506
 16 
 1330733229.644561
 16 
 1330733229.644615
 16 
 1330733229.644654
 16 
 1330733229.644708
 16 
 1330733229.644760
 16 
 1330733229.644799
 16 
 1330733229.693709
 17 
 1330733229.693748
 17 
 1330733229.742631
 18 
 1330733229.742670
 18 
 1330733229.742702
 18 
 1330733229.742762
 18 
 1330733229.742801
 18 
 1330733229.742881
 18 
 1330733229.742917
 18 
 1330733229.742974
 18 
 1330733229.743008
 18 
 1330733229.743068
 18 
 1330733229.827431
 19 
 1330733229.827485
 19 
 1330733229.827519
 19 
 1330733229.827581
 19 
 1330733229.827617
 19 
 1330733229.827674
 19 
 1330733229.827713
 19 
 1330733229.827769
 19 
 1330733229.827845
 19 
 1330733229.827886
 19 
 1330733229.827943
 19 
 1330733229.827983
 19 
 1330733229.828040
 19 
 1330733229.828079
 19 
 1330733229.828134
 19 
 1330733229.828173
 19 
 1330733229.828229
 19 
 1330733229.828263
 19 
 1330733229.828320
 19 
 1330733229.828373
 19 
 1330733229.828412
 19 
 1330733229.828468
 19 
 1330733229.828520
 19 
 1330733229.828572
 19 
 1330733229.828624
 19 
 1330733229.828663
 19 
 1330733229.857959
 20 
 1330733229.857998
 20 
 1330733229.858030
 20 
 1330733229.858088
 20 
 1330733229.858123
 20 
 1330733229.858191
 20 
 1330733229.858226
 20 
 1330733229.858283
 20 
 1330733229.858323
 20 
 1330733229.858380
 20 
 1330733229.858419
 20 
 1330733229.858476
 20 
 1330733229.858514
 20 
 1330733229.858571
 20 
 1330733229.858606
 20 
 1330733229.858663
 20 
 1330733229.858697
 20 
 1330733229.858755
 20 
 1330733229.858807
 20 
 1330733229.858859
 20 
 1330733229.858917
 20 
 1330733229.858956
 20 
 1330733229.859011
 20 
 1330733229.859064
 20 
 1330733229.859103
 20 
 1330733229.911944
 21 
 1330733229.911984
 21 
 1330733229.912021
 21 
 1330733229.912080
 21 
 1330733229.962967
 22 
 1330733229.963005
 22 
 1330733229.963036
 22 
 1330733229.963068
 22 
 1330733229.963100
 22 
 1330733229.963132
 22 
 1330733229.963189
 22 
 1330733229.963224
 22 
 1330733229.963282
 22 
 1330733229.963321
 22 
 1330733229.963376
 22 
 1330733229.963432
 22 
 1330733229.963489
 22 
 1330733229.963528
 22 
 1330733229.963584
 22 
 1330733229.963638
 22 
 1330733229.963677
 22 
 1330733229.963732
 22 
 1330733229.963785
 22 
 1330733229.963823
 22 
 1330733229.963896
 22 
 1330733230.007189
 23 
 1330733230.007230
 23 
 1330733230.007262
 23 
 1330733230.007320
 23 
 1330733230.007354
 23 
 1330733230.007412
 23 
 1330733230.007451
 23 
 1330733230.007508
 23 
 1330733230.007547
 23 
 1330733230.007605
 23 
 1330733230.007640
 23 
 1330733230.007698
 23 
 1330733230.007737
 23 
 1330733230.007793
 23 
 1330733230.007851
 23 
 1330733230.007908
 23 
 1330733230.007960
 23 
 1330733230.008013
 23 
 1330733230.008065
 23 
 1330733230.008100
 23 
 1330733230.008157
 23 
 1330733230.008196
 23 
 1330733230.008252
 23 
 1330733230.008291
 23 
 1330733230.008347
 23 
 1330733230.008400
 23 
 1330733230.008452
 23 
 1330733230.008504
 23 
 1330733230.008556
 23 
 1330733230.008595
 23 
 1330733230.008651
 23 
 1330733230.008703
 23 
 1330733230.008756
 23 
 1330733230.008795
 23 
 1330733230.008863
 23 
 1330733230.008899
 23 
 1330733230.008953
 23 
 1330733230.009002
 23 
 1330733230.108517
 25 
 1330733230.108584
 25 
 1330733230.108642
 25 
 1330733230.108701
 25 
 1330733230.108741
 25 
 1330733230.153477
 26 
 1330733230.153520
 26 
 1330733230.153559
 26 
 1330733230.153620
 26 
 1330733230.153656
 26 
 1330733230.153713
 26 
 1330733230.153770
 26 
 1330733230.153810
 26 
 1330733230.153885
 26 
 1330733230.153925
 26 
 1330733230.153982
 26 
 1330733230.154022
 26 
 1330733230.154079
 26 
 1330733230.198779
 27 
 1330733230.198817
 27 
 1330733230.198868
 27 
 1330733230.198927
 27 
 1330733230.198961
 27 
 1330733230.199019
 27 
 1330733230.199058
 27 
 1330733230.199114
 27 
 1330733230.199153
 27 
 1330733230.199209
 27 
 1330733230.199266
 27 
 1330733230.199322
 27 
 1330733230.199374
 27 
 1330733230.199427
 27 
 1330733230.199479
 27 
 1330733230.199520
 27 
 1330733230.199574
 27 
 1330733230.199627
 27 
 1330733230.199680
 27 
 1330733230.199719
 27 
 1330733230.199774
 27 
 1330733230.199842
 27 
 1330733230.199895
 27 
 1330733230.199948
 27 
 1330733230.199987
 27 
 1330733230.269755
 28 
 1330733230.269797
 28 
 1330733230.269865
 28 
 1330733230.269901
 28 
 1330733230.269959
 28 
 1330733230.269993
 28 
 1330733230.270050
 28 
 1330733230.290227
 29 
 1330733230.290266
 29 
 1330733230.290298
 29 
 1330733230.290356
 29 
 1330733230.290391
 29 
 1330733230.290449
 29 
 1330733230.290489
 29 
 1330733230.290546
 29 
 1330733230.290596
 29 
 1330733230.290629
 29 
 1330733230.290686
 29 
 1330733230.290720
 29 
 1330733230.290777
 29 
 1330733230.290812
 29 
 1330733230.290891
 29 
 1330733230.290926
 29 
 1330733230.290984
 29 
 1330733230.291023
 29 
 1330733230.291078
 29 
 1330733230.291131
 29 
 1330733230.291166
 29 
 1330733230.291223
 29 
 1330733230.291257
 29 
 1330733230.291315
 29 
 1330733230.291354
 29 
 1330733230.291409
 29 
 1330733230.291461
 29 
 1330733230.291514
 29 
 1330733230.291567
 29 
 1330733230.291606
 29 
 1330733230.291661
 29 
 1330733230.291714
 29 
 1330733230.291753
 29 
 1330733230.291808
 29 
 1330733230.291874
 29 
 1330733230.291929
 29 
 1330733230.291968
 29 
 1330733230.292024
 29 
 1330733230.292064
 29 
 1330733230.358478
 30 
 1330733230.358519
 30 
 1330733230.358552
 30 
 1330733230.358610
 30 
 1330733230.358644
 30 
 1330733230.358703
 30 
 1330733230.358743
 30 
 1330733230.358800
 30 
 1330733230.395133
 31 
 1330733230.395174
 31 
 1330733230.395233
 31 
 1330733230.473050
 32 
 1330733230.473090
 32 
 1330733230.473128
 32 
 1330733230.473187
 32 
 1330733230.473223
 32 
 1330733230.473280
 32 
 1330733230.555747
 34 
 1330733230.555811
 34 
 1330733230.555863
 34 
 1330733230.555922
 34 
 1330733230.555957
 34 
 1330733230.556013
 34 
 1330733230.556050
 34 
 1330733230.556107
 34 
 1330733230.556142
 34 
 1330733230.556200
 34 
 1330733230.556239
 34 
 1330733230.556297
 34 
 1330733230.556331
 34 
 1330733230.556388
 34 
 1330733230.556424
 34 
 1330733230.596969
 35 
 1330733230.597009
 35 
 1330733230.597068
 35 
 1330733230.597125
 35 
 1330733230.597183
 35 
 1330733230.597222
 35 
 1330733230.597279
 35 
 1330733230.597318
 35 
 1330733230.597374
 35 
 1330733230.597413
 35 
 1330733230.597470
 35 
 1330733230.597504
 35 
 1330733230.597562
 35 
 1330733230.597614
 35 
 1330733230.673525
 36 
 1330733230.673564
 36 
 1330733230.673602
 36 
 1330733230.673660
 36 
 1330733230.673694
 36 
 1330733230.673752
 36 
 1330733230.673791
 36 
 1330733230.673863
 36 
 1330733230.673903
 36 
 1330733230.673962
 36 
 1330733230.673997
 36 
 1330733230.674055
 36 
 1330733230.674090
 36 
 1330733230.674148
 36 
 1330733230.674187
 36 
 1330733230.674243
 36 
 1330733230.674296
 36 
 1330733230.674335
 36 
 1330733230.674392
 36 
 1330733230.674431
 36 
 1330733230.674487
 36 
 1330733230.674526
 36 
 1330733230.674581
 36 
 1330733230.674635
 36 
 1330733230.674687
 36 
 1330733230.674727
 36 
 1330733230.674782
 36 
 1330733230.674849
 36 
 1330733230.674904
 36 
 1330733230.674944
 36 
 1330733230.675000
 36 
 1330733230.675035
 36 
 1330733230.675093
 36 
 1330733230.675128
 36 
 1330733230.698098
 37 
 1330733230.698134
 37 
 1330733230.698167
 37 
 1330733230.698223
 37 
 1330733230.698257
 37 
 1330733230.698314
 37 
 1330733230.698354
 37 
 1330733230.698411
 37 
 1330733230.698450
 37 
 1330733230.698507
 37 
 1330733230.698547
 37 
 1330733230.698603
 37 
 1330733230.698638
 37 
 1330733230.698695
 37 
 1330733230.698735
 37 
 1330733230.698790
 37 
 1330733230.698844
 37 
 1330733230.698903
 37 
 1330733230.698942
 37 
 1330733230.698996
 37 
 1330733230.699036
 37 
 1330733230.699092
 37 
 1330733230.699131
 37 
 1330733230.699187
 37 
 1330733230.699240
 37 
 1330733230.699279
 37 
 1330733230.699336
 37 
 1330733230.699375
 37 
 1330733230.699429
 37 
 1330733230.699469
 37 
 1330733230.699526
 37 
 1330733230.699565
 37 
 1330733230.699621
 37 
 1330733230.699660
 37 
 1330733230.699715
 37 
 1330733230.699768
 37 
 1330733230.699809
 37 
 1330733230.699877
 37 
 1330733230.699932
 37 
 1330733230.699983
 37 
 1330733230.700036
 37 
 1330733230.700089
 37 
 1330733230.700127
 37 
 1330733230.700182
 37 
 1330733230.700222
 37 
 1330733230.700278
 37 
 1330733230.700331
 37 
 1330733230.700371
 37 
 1330733230.700426
 37 
 1330733230.700466
 37 
 1330733230.700522
 37 
 1330733230.700561
 37 
 1330733230.700617
 37 
 1330733230.700656
 37 
 1330733230.700713
 37 
 1330733230.700753
 37 
 1330733230.752450
 38 
 1330733230.752490
 38 
 1330733230.752523
 38 
 1330733230.807944
 39 
 1330733230.807984
 39 
 1330733230.808017
 39 
 1330733230.808076
 39 
 1330733230.808116
 39 
 1330733230.808173
 39 
 1330733230.808212
 39 
 1330733230.808268
 39 
 1330733230.808326
 39 
 1330733230.808382
 39 
 1330733230.808439
 39 
 1330733230.808491
 39 
 1330733230.808544
 39 
 1330733230.808597
 39 
 1330733230.808636
 39 
 1330733230.808692
 39 
 1330733230.808733
 39 
 1330733230.808787
 39 
 1330733230.808843
 39 
 1330733230.808901
 39 
 1330733230.808936
 39 
 1330733230.808992
 39 
 1330733230.809032
 39 
 1330733230.809087
 39 
 1330733230.809141
 39 
 1330733230.809180
 39 
 1330733230.809236
 39 
 1330733230.809275
 39 
 1330733230.809331
 39 
 1330733230.809371
 39 
 1330733230.809426
 39 
 1330733230.809466
 39 
 1330733230.809522
 39 
 1330733230.858701
 40 
 1330733230.858740
 40 
 1330733230.858778
 40 
 1330733230.858854
 40 
 1330733230.858890
 40 
 1330733230.858947
 40 
 1330733230.858981
 40 
 1330733230.859039
 40 
 1330733230.859075
 40 
 1330733230.859133
 40 
 1330733230.904946
 41 
 1330733230.905011
 41 
 1330733230.905048
 41 
 1330733230.905107
 41 
 1330733230.905143
 41 
 1330733230.905200
 41 
 1330733230.905236
 41 
 1330733230.905294
 41 
 1330733230.974671
 42 
 1330733230.974711
 42 
 1330733230.998806
 43 
 1330733230.998882
 43 
 1330733230.998917
 43 
 1330733230.998949
 43 
 1330733230.998981
 43 
 1330733230.999018
 43 
 1330733230.999076
 43 
 1330733230.999115
 43 
 1330733230.999172
 43 
 1330733230.999207
 43 
 1330733230.999266
 43 
 1330733230.999301
 43 
 1330733230.999358
 43 
 1330733230.999398
 43 
 1330733230.999454
 43 
 1330733230.999488
 43 
 1330733230.999548
 43 
 1330733230.999582
 43 
 1330733230.999638
 43 
 1330733230.999673
 43 
 1330733230.999729
 43 
 1330733230.999799
 43 
 1330733230.999851
 43 
 1330733230.999909
 43 
 1330733230.999948
 43 
 1330733231.000004
 43 
 1330733231.000040
 43 
 1330733231.000097
 43 
 1330733231.000133
 43 
 1330733231.000189
 43 
 1330733231.000224
 43 
 1330733231.000281
 43 
 1330733231.063040
 44 
 1330733231.063080
 44 
 1330733231.063114
 44 
 1330733231.063170
 44 
 1330733231.063210
 44 
 1330733231.114976
 45 
 1330733231.115020
 45 
 1330733231.115082
 45 
 1330733231.115117
 45 
 1330733231.155040
 46 
 1330733231.155076
 46 
 1330733231.155110
 46 
 1330733231.155166
 46 
 1330733231.155201
 46 
 1330733231.155284
 46 
 1330733231.155320
 46 
 1330733231.155379
 46 
 1330733231.155419
 46 
 1330733231.155475
 46 
 1330733231.220606
 47 
 1330733231.220647
 47 
 1330733231.220686
 47 
 1330733231.220744
 47 
 1330733231.220779
 47 
 1330733231.220852
 47 
 1330733231.220893
 47 
 1330733231.220951
 47 
 1330733231.220991
 47 
 1330733231.221048
 47 
 1330733231.221087
 47 
 1330733231.221144
 47 
 1330733231.221184
 47 
 1330733231.221240
 47 
 1330733231.221275
 47 
 1330733231.221333
 47 
 1330733231.221372
 47 
 1330733231.221427
 47 
 1330733231.221480
 47 
 1330733231.221532
 47 
 1330733231.221585
 47 
 1330733231.221638
 47 
 1330733231.221677
 47 
 1330733231.221732
 47 
 1330733231.246592
 48 
 1330733231.246629
 48 
 1330733231.246662
 48 
 1330733231.246720
 48 
 1330733231.246754
 48 
 1330733231.246813
 48 
 1330733231.246890
 48 
 1330733231.246930
 48 
 1330733231.301455
 49 
 1330733231.301496
 49 
 1330733231.301528
 49 
 1330733231.301587
 49 
 1330733231.301621
 49 
 1330733231.301678
 49 
 1330733231.301718
 49 
 1330733231.301775
 49 
 1330733231.301810
 49 
 1330733231.301888
 49 
 1330733231.301924
 49 
 1330733231.301981
 49 
 1330733231.302021
 49 
 1330733231.302078
 49 
 1330733231.302117
 49 
 1330733231.302172
 49 
 1330733231.302225
 49 
 1330733231.302265
 49 
 1330733231.302320
 49 
 1330733231.375698
 50 
 1330733231.375738
 50 
 1330733231.413728
 51 
 1330733231.413766
 51 
 1330733231.413799
 51 
 1330733231.413876
 51 
 1330733231.413912
 51 
 1330733231.413968
 51 
 1330733231.414009
 51 
 1330733231.414066
 51 
 1330733231.414100
 51 
 1330733231.414159
 51 
 1330733231.414198
 51 
 1330733231.414254
 51 
 1330733231.414294
 51 
 1330733231.414350
 51 
 1330733231.414400
 51 
 1330733231.414435
 51 
 1330733231.414487
 51 
 1330733231.414539
 51 
 1330733231.455020
 52 
 1330733231.455056
 52 
 1330733231.455114
 52 
 1330733231.455149
 52 
 1330733231.455208
 52 
 1330733231.455243
 52 
 1330733231.455301
 52 
 1330733231.455335
 52 
 1330733231.455391
 52 
 1330733231.455431
 52 
 1330733231.455486
 52 
 1330733231.455525
 52 
 1330733231.455581
 52 
 1330733231.455634
 52 
 1330733231.455674
 52 
 1330733231.455729
 52 
 1330733231.455769
 52 
 1330733231.455825
 52 
 1330733231.455877
 52 
 1330733231.455934
 52 
 1330733231.455969
 52 
 1330733231.456026
 52 
 1330733231.456061
 52 
 1330733231.456117
 52 
 1330733231.456152
 52 
 1330733231.456209
 52 
 1330733231.456248
 52 
 1330733231.456303
 52 
 1330733231.456357
 52 
 1330733231.456409
 52 
 1330733231.456461
 52 
 1330733231.456501
 52 
 1330733231.456556
 52 
 1330733231.456596
 52 
 1330733231.456650
 52 
 1330733231.503378
 53 
 1330733231.503416
 53 
 1330733231.503450
 53 
 1330733231.503507
 53 
 1330733231.503542
 53 
 1330733231.503600
 53 
 1330733231.503640
 53 
 1330733231.503698
 53 
 1330733231.503732
 53 
 1330733231.503791
 53 
 1330733231.503848
 53 
 1330733231.503908
 53 
 1330733231.503942
 53 
 1330733231.504002
 53 
 1330733231.504041
 53 
 1330733231.504096
 53 
 1330733231.504136
 53 
 1330733231.504191
 53 
 1330733231.504245
 53 
 1330733231.504298
 53 
 1330733231.504337
 53 
 1330733231.504394
 53 
 1330733231.504433
 53 
 1330733231.504488
 53 
 1330733231.504523
 53 
 1330733231.504590
 53 
 1330733231.504625
 53 
 1330733231.504682
 53 
 1330733231.504721
 53 
 1330733231.504777
 53 
 1330733231.504844
 53 
 1330733231.504899
 53 
 1330733231.504952
 53 
 1330733231.504991
 53 
 1330733231.505047
 53 
 1330733231.505087
 53 
 1330733231.505142
 53 
 1330733231.505195
 53 
 1330733231.505235
 53 
 1330733231.505291
 53 
 1330733231.505331
 53 
 1330733231.505387
 53 
 1330733231.505426
 53 
 1330733231.505481
 53 
 1330733231.505520
 53 
 1330733231.505576
 53 
 1330733231.505616
 53 
 1330733231.505672
 53 
 1330733231.505712
 53 
 1330733231.505767
 53 
 1330733231.505820
 53 
 1330733231.505875
 53 
 1330733231.505933
 53 
 1330733231.505972
 53 
 1330733231.506027
 53 
 1330733231.506080
 53 
 1330733231.506119
 53 
 1330733231.506174
 53 
 1330733231.506214
 53 
 1330733231.506270
 53 
 1330733231.506323
 53 
 1330733231.506362
 53 
 1330733231.506418
 53 
 1330733231.506458
 53 
 1330733231.506514
 53 
 1330733231.506549
 53 
 1330733231.506607
 53 
 1330733231.506641
 53 
 1330733231.506700
 53 
 1330733231.506734
 53 
 1330733231.506791
 53 
 1330733231.506844
 53 
 1330733231.506902
 53 
 1330733231.506937
 53 
 1330733231.506995
 53 
 1330733231.507030
 53 
 1330733231.507088
 53 
 1330733231.507123
 53 
 1330733231.507180
 53 
 1330733231.507215
 53 
 1330733231.507271
 53 
 1330733231.507306
 53 
 1330733231.507362
 53 
 1330733231.507397
 53 
 1330733231.507455
 53 
 1330733231.507489
 53 
 1330733231.507546
 53 
 1330733231.507581
 53 
 1330733231.507638
 53 
 1330733231.507672
 53 
 1330733231.507730
 53 
 1330733231.507765
 53 
 1330733231.507823
 53 
 1330733231.507893
 53 
 1330733231.507932
 53 
 1330733231.507988
 53 
 1330733231.564808
 54 
 1330733231.564873
 54 
 1330733231.564907
 54 
 1330733231.564964
 54 
 1330733231.565018
 54 
 1330733231.565073
 54 
 1330733231.565128
 54 
 1330733231.565182
 54 
 1330733231.565237
 54 
 1330733231.565287
 54 
 1330733231.565338
 54 
 1330733231.565390
 54 
 1330733231.565440
 54 
 1330733231.565511
 54 
 1330733231.565545
 54 
 1330733231.565577
 54 
 1330733231.565628
 54 
 1330733231.565667
 54 
 1330733231.565723
 54 
 1330733231.565774
 54 
 1330733231.565844
 54 
 1330733231.565898
 54 
 1330733231.565950
 54 
 1330733231.566002
 54 
 1330733231.566056
 54 
 1330733231.566108
 54 
 1330733231.566148
 54 
 1330733231.566202
 54 
 1330733231.566255
 54 
 1330733231.566306
 54 
 1330733231.606737
 55 
 1330733231.606777
 55 
 1330733231.606815
 55 
 1330733231.606895
 55 
 1330733231.606930
 55 
 1330733231.606990
 55 
 1330733231.607035
 55 
 1330733231.607091
 55 
 1330733231.607149
 55 
 1330733231.607188
 55 
 1330733231.607245
 55 
 1330733231.607284
 55 
 1330733231.607342
 55 
 1330733231.607381
 55 
 1330733231.607437
 55 
 1330733231.607476
 55 
 1330733231.675447
 56 
 1330733231.675485
 56 
 1330733231.675518
 56 
 1330733231.675576
 56 
 1330733231.675611
 56 
 1330733231.675695
 56 
 1330733231.675735
 56 
 1330733231.675792
 56 
 1330733231.675844
 56 
 1330733231.675906
 56 
 1330733231.675945
 56 
 1330733231.676003
 56 
 1330733231.693335
 57 
 1330733231.693396
 57 
 1330733231.693427
 57 
 1330733231.693485
 57 
 1330733231.693520
 57 
 1330733231.693577
 57 
 1330733231.693635
 57 
 1330733231.693674
 57 
 1330733231.693730
 57 
 1330733231.693765
 57 
 1330733231.693823
 57 
 1330733231.693880
 57 
 1330733231.693939
 57 
 1330733231.693978
 57 
 1330733231.694033
 57 
 1330733231.694086
 57 
 1330733231.694139
 57 
 1330733231.694178
 57 
 1330733231.694233
 57 
 1330733231.694272
 57 
 1330733231.694329
 57 
 1330733231.694381
 57 
 1330733231.694421
 57 
 1330733231.694476
 57 
 1330733231.694529
 57 
 1330733231.694582
 57 
 1330733231.694621
 57 
 1330733231.694676
 57 
 1330733231.694729
 57 
 1330733231.694769
 57 
 1330733231.694825
 57 
 1330733231.694879
 57 
 1330733231.694936
 57 
 1330733231.694975
 57 
 1330733231.695031
 57 
 1330733231.695066
 57 
 1330733231.695124
 57 
 1330733231.763085
 58 
 1330733231.763125
 58 
 1330733231.763158
 58 
 1330733231.763215
 58 
 1330733231.763250
 58 
 1330733231.763308
 58 
 1330733231.763348
 58 
 1330733231.763403
 58 
 1330733231.812224
 59 
 1330733231.812263
 59 
 1330733231.812296
 59 
 1330733231.812354
 59 
 1330733231.812390
 59 
 1330733231.812447
 59 
 1330733231.812481
 59 
 1330733231.812539
 59 
 1330733231.812578
 59 
 1330733231.812635
 59 
 1330733231.812675
 59 
 1330733231.812731
 59 
 1330733231.812765
 59 
 1330733231.812824
 59 
 1330733231.812879
 59 
 1330733231.812950
 59 
 1330733231.812985
 59 
 1330733231.813044
 59 
 1330733231.813083
 59 
 1330733231.813138
 59 
 1330733231.813192
 59 
 1330733231.813244
 59 
 1330733231.813297
 59 
 1330733231.813349
 59 
 1330733231.813402
 59 
 1330733231.813455
 59 
 1330733231.813494
 59 
 1330733231.813549
 59 
 1330733231.813602
 59 
 1330733231.868877
 60 
 1330733231.868916
 60 
 1330733231.868974
 60 
 1330733231.869008
 60 
 1330733231.905315
 61 
 1330733231.905352
 61 
 1330733231.905385
 61 
 1330733231.905442
 61 
 1330733231.905477
 61 
 1330733231.905533
 61 
 1330733231.905573
 61 
 1330733231.905630
 61 
 1330733231.905669
 61 
 1330733231.905727
 61 
 1330733231.905762
 61 
 1330733231.905820
 61 
 1330733231.905876
 61 
 1330733231.905934
 61 
 1330733231.905967
 61 
 1330733231.906025
 61 
 1330733231.906063
 61 
 1330733231.906118
 61 
 1330733231.906172
 61 
 1330733231.906224
 61 
 1330733231.906276
 61 
 1330733231.906329
 61 
 1330733231.944941
 62 
 1330733231.944980
 62 
 1330733232.009694
 63 
 1330733232.009735
 63 
 1330733232.009793
 63 
 1330733232.009844
 63 
 1330733232.044222
 64 
 1330733232.044260
 64 
 1330733232.044298
 64 
 1330733232.044357
 64 
 1330733232.044392
 64 
 1330733232.044449
 64 
 1330733232.044485
 64 
 1330733232.044543
 64 
 1330733232.044583
 64 
 1330733232.044640
 64 
 1330733232.044679
 64 
 1330733232.044736
 64 
 1330733232.091561
 65 
 1330733232.091596
 65 
 1330733232.091628
 65 
 1330733232.091687
 65 
 1330733232.091722
 65 
 1330733232.091778
 65 
 1330733232.091818
 65 
 1330733232.091896
 65 
 1330733232.091937
 65 
 1330733232.091993
 65 
 1330733232.092028
 65 
 1330733232.092086
 65 
 1330733232.157252
 66 
 1330733232.157292
 66 
 1330733232.157330
 66 
 1330733232.157389
 66 
 1330733232.226842
 67 
 1330733232.226888
 67 
 1330733232.226921
 67 
 1330733232.226981
 67 
 1330733232.227017
 67 
 1330733232.227075
 67 
 1330733232.227111
 67 
 1330733232.227170
 67 
 1330733232.227205
 67 
 1330733232.227264
 67 
 1330733232.227299
 67 
 1330733232.227358
 67 
 1330733232.227398
 67 
 1330733232.227455
 67 
 1330733232.227592
 67 
 1330733232.227625
 67 
 1330733232.227657
 67 
 1330733232.227689
 67 
 1330733232.227720
 67 
 1330733232.227751
 67 
 1330733232.227782
 67 
 1330733232.227813
 67 
 1330733232.227864
 67 
 1330733232.227920
 67 
 1330733232.227974
 67 
 1330733232.228026
 67 
 1330733232.228096
 67 
 1330733232.228130
 67 
 1330733232.228188
 67 
 1330733232.228223
 67 
 1330733232.228305
 67 
 1330733232.228344
 67 
 1330733232.228418
 67 
 1330733232.228453
 67 
 1330733232.228510
 67 
 1330733232.228549
 67 
 1330733232.228603
 67 
 1330733232.228657
 67 
 1330733232.228710
 67 
 1330733232.228749
 67 
 1330733232.228805
 67 
 1330733232.228863
 67 
 1330733232.228920
 67 
 1330733232.228972
 67 
 1330733232.229011
 67 
 1330733232.229066
 67 
 1330733232.317432
 69 
 1330733232.317475
 69 
 1330733232.317533
 69 
 1330733232.317573
 69 
 1330733232.317630
 69 
 1330733232.317665
 69 
 1330733232.317724
 69 
 1330733232.317763
 69 
 1330733232.317821
 69 
 1330733232.317906
 69 
 1330733232.317964
 69 
 1330733232.349202
 70 
 1330733232.349241
 70 
 1330733232.349278
 70 
 1330733232.349336
 70 
 1330733232.349370
 70 
 1330733232.349454
 70 
 1330733232.349493
 70 
 1330733232.349550
 70 
 1330733232.349589
 70 
 1330733232.349646
 70 
 1330733232.349680
 70 
 1330733232.349739
 70 
 1330733232.349774
 70 
 1330733232.349845
 70 
 1330733232.349884
 70 
 1330733232.410824
 71 
 1330733232.410889
 71 
 1330733232.410929
 71 
 1330733232.410990
 71 
 1330733232.411026
 71 
 1330733232.411083
 71 
 1330733232.411118
 71 
 1330733232.411176
 71 
 1330733232.411233
 71 
 1330733232.411290
 71 
 1330733232.411348
 71 
 1330733232.411401
 71 
 1330733232.492458
 73 
 1330733232.492498
 73 
 1330733232.492531
 73 
 1330733232.492589
 73 
 1330733232.492624
 73 
 1330733232.492683
 73 
 1330733232.492718
 73 
 1330733232.492775
 73 
 1330733232.492814
 73 
 1330733232.492895
 73 
 1330733232.492952
 73 
 1330733232.492992
 73 
 1330733232.493048
 73 
 1330733232.493088
 73 
 1330733232.493143
 73 
 1330733232.493196
 73 
 1330733232.493235
 73 
 1330733232.493290
 73 
 1330733232.493343
 73 
 1330733232.493382
 73 
 1330733232.493506
 73 
 1330733232.544007
 74 
 1330733232.544049
 74 
 1330733232.544087
 74 
 1330733232.544145
 74 
 1330733232.544180
 74 
 1330733232.544238
 74 
 1330733232.544277
 74 
 1330733232.544334
 74 
 1330733232.544368
 74 
 1330733232.544426
 74 
 1330733232.544466
 74 
 1330733232.544522
 74 
 1330733232.544561
 74 
 1330733232.544618
 74 
 1330733232.544657
 74 
 1330733232.544712
 74 
 1330733232.544765
 74 
 1330733232.544817
 74 
 1330733232.544893
 74 
 1330733232.544931
 74 
 1330733232.544987
 74 
 1330733232.545041
 74 
 1330733232.545093
 74 
 1330733232.545146
 74 
 1330733232.545186
 74 
 1330733232.545241
 74 
 1330733232.545293
 74 
 1330733232.545345
 74 
 1330733232.545384
 74 
 1330733232.545439
 74 
 1330733232.545492
 74 
 1330733232.545545
 74 
 1330733232.545584
 74 
 1330733232.545639
 74 
 1330733232.545693
 74 
 1330733232.545731
 74 
 1330733232.545787
 74 
 1330733232.545842
 74 
 1330733232.545901
 74 
 1330733232.545954
 74 
 1330733232.546006
 74 
 1330733232.546045
 74 
 1330733232.546101
 74 
 1330733232.546140
 74 
 1330733232.546196
 74 
 1330733232.546249
 74 
 1330733232.546302
 74 
 1330733232.546338
 74 
 1330733232.546394
 74 
 1330733232.546429
 74 
 1330733232.590416
 75 
 1330733232.590478
 75 
 1330733232.590513
 75 
 1330733232.590573
 75 
 1330733232.590607
 75 
 1330733232.590665
 75 
 1330733232.590705
 75 
 1330733232.590762
 75 
 1330733232.590801
 75 
 1330733232.590879
 75 
 1330733232.590915
 75 
 1330733232.590972
 75 
 1330733232.591025
 75 
 1330733232.591064
 75 
 1330733232.591121
 75 
 1330733232.591160
 75 
 1330733232.591217
 75 
 1330733232.591270
 75 
 1330733232.591309
 75 
 1330733232.591366
 75 
 1330733232.591418
 75 
 1330733232.591452
 75 
 1330733232.591510
 75 
 1330733232.591545
 75 
 1330733232.591602
 75 
 1330733232.639537
 76 
 1330733232.639578
 76 
 1330733232.639611
 76 
 1330733232.639670
 76 
 1330733232.639704
 76 
 1330733232.639762
 76 
 1330733232.694513
 77 
 1330733232.694560
 77 
 1330733232.694618
 77 
 1330733232.694673
 77 
 1330733232.694728
 77 
 1330733232.694781
 77 
 1330733232.694856
 77 
 1330733232.694896
 77 
 1330733232.694950
 77 
 1330733232.769363
 78 
 1330733232.769406
 78 
 1330733232.769466
 78 
 1330733232.769505
 78 
 1330733232.769562
 78 
 1330733232.769601
 78 
 1330733232.769659
 78 
 1330733232.769693
 78 
 1330733232.769751
 78 
 1330733232.769808
 78 
 1330733232.769863
 78 
 1330733232.769921
 78 
 1330733232.769990
 78 
 1330733232.770025
 78 
 1330733232.770080
 78 
 1330733232.770120
 78 
 1330733232.770175
 78 
 1330733232.770227
 78 
 1330733232.770280
 78 
 1330733232.770332
 78 
 1330733232.770383
 78 
 1330733232.770436
 78 
 1330733232.770489
 78 
 1330733232.770524
 78 
 1330733232.770582
 78 
 1330733232.770621
 78 
 1330733232.770676
 78 
 1330733232.770729
 78 
 1330733232.770768
 78 
 1330733232.770823
 78 
 1330733232.770920
 78 
 1330733232.770960
 78 
 1330733232.771016
 78 
 1330733232.771069
 78 
 1330733232.771123
 78 
 1330733232.771176
 78 
 1330733232.771229
 78 
 1330733232.771281
 78 
 1330733232.771334
 78 
 1330733232.771373
 78 
 1330733232.771429
 78 
 1330733232.771468
 78 
 1330733232.771524
 78 
 1330733232.771577
 78 
 1330733232.771616
 78 
 1330733232.771672
 78 
 1330733232.813705
 79 
 1330733232.813746
 79 
 1330733232.813779
 79 
 1330733232.813850
 79 
 1330733232.813907
 79 
 1330733232.813947
 79 
 1330733232.814003
 79 
 1330733232.814060
 79 
 1330733232.814119
 79 
 1330733232.814154
 79 
 1330733232.814211
 79 
 1330733232.814264
 79 
 1330733232.814317
 79 
 1330733232.814355
 79 
 1330733232.814411
 79 
 1330733232.814464
 79 
 1330733232.814517
 79 
 1330733232.814569
 79 
 1330733232.814622
 79 
 1330733232.814675
 79 
 1330733232.814727
 79 
 1330733232.814779
 79 
 1330733232.814850
 79 
 1330733232.814886
 79 
 1330733232.814941
 79 
 1330733232.814993
 79 
 1330733232.815047
 79 
 1330733232.815086
 79 
 1330733232.815141
 79 
 1330733232.863016
 80 
 1330733232.863056
 80 
 1330733232.863093
 80 
 1330733232.863151
 80 
 1330733232.863185
 80 
 1330733232.891172
 81 
 1330733232.891208
 81 
 1330733232.891239
 81 
 1330733232.891296
 81 
 1330733232.891336
 81 
 1330733232.891392
 81 
 1330733232.891431
 81 
 1330733232.891488
 81 
 1330733232.891523
 81 
 1330733232.891581
 81 
 1330733232.891616
 81 
 1330733232.891673
 81 
 1330733232.891712
 81 
 1330733232.891769
 81 
 1330733232.891804
 81 
 1330733232.891879
 81 
 1330733232.958250
 82 
 1330733232.958289
 82 
 1330733232.958322
 82 
 1330733232.958378
 82 
 1330733232.958418
 82 
 1330733232.958476
 82 
 1330733232.958510
 82 
 1330733232.958567
 82 
 1330733232.958622
 82 
 1330733232.990255
 83 
 1330733232.990300
 83 
 1330733232.990361
 83 
 1330733232.990418
 83 
 1330733233.055914
 84 
 1330733233.055959
 84 
 1330733233.055992
 84 
 1330733233.056051
 84 
 1330733233.056086
 84 
 1330733233.056144
 84 
 1330733233.056201
 84 
 1330733233.056259
 84 
 1330733233.056315
 84 
 1330733233.056373
 84 
 1330733233.056426
 84 
 1330733233.056477
 84 
 1330733233.056529
 84 
 1330733233.056581
 84 
 1330733233.056634
 84 
 1330733233.056674
 84 
 1330733233.056729
 84 
 1330733233.056782
 84 
 1330733233.056859
 84 
 1330733233.056894
 84 
 1330733233.056944
 84 
 1330733233.056996
 84 
 1330733233.057048
 84 
 1330733233.057100
 84 
 1330733233.057153
 84 
 1330733233.057193
 84 
 1330733233.057248
 84 
 1330733233.057300
 84 
 1330733233.057353
 84 
 1330733233.057406
 84 
 1330733233.057458
 84 
 1330733233.057534
 84 
 1330733233.057586
 84 
 1330733233.057638
 84 
 1330733233.057691
 84 
 1330733233.057743
 84 
 1330733233.057795
 84 
 1330733233.057854
 84 
 1330733233.057912
 84 
 1330733233.057964
 84 
 1330733233.058016
 84 
 1330733233.058068
 84 
 1330733233.058121
 84 
 1330733233.058156
 84 
 1330733233.058213
 84 
 1330733233.058266
 84 
 1330733233.058319
 84 
 1330733233.058371
 84 
 1330733233.058423
 84 
 1330733233.058476
 84 
 1330733233.058529
 84 
 1330733233.058581
 84 
 1330733233.058633
 84 
 1330733233.058685
 84 
 1330733233.058738
 84 
 1330733233.058776
 84 
 1330733233.058846
 84 
 1330733233.058901
 84 
 1330733233.058953
 84 
 1330733233.110387
 85 
 1330733233.110431
 85 
 1330733233.110489
 85 
 1330733233.110528
 85 
 1330733233.110587
 85 
 1330733233.110626
 85 
 1330733233.110683
 85 
 1330733233.110739
 85 
 1330733233.110796
 85 
 1330733233.110860
 85 
 1330733233.110915
 85 
 1330733233.110968
 85 
 1330733233.111007
 85 
 1330733233.111063
 85 
 1330733233.139517
 86 
 1330733233.139556
 86 
 1330733233.227454
 87 
 1330733233.227497
 87 
 1330733233.227558
 87 
 1330733233.227598
 87 
 1330733233.227657
 87 
 1330733233.227696
 87 
 1330733233.227754
 87 
 1330733233.227793
 87 
 1330733233.227860
 87 
 1330733233.227922
 87 
 1330733233.273045
 88 
 1330733233.273087
 88 
 1330733233.273146
 88 
 1330733233.273228
 88 
 1330733233.273284
 88 
 1330733233.273341
 88 
 1330733233.273397
 88 
 1330733233.273454
 88 
 1330733233.273504
 88 
 1330733233.273553
 88 
 1330733233.273603
 88 
 1330733233.273654
 88 
 1330733233.273703
 88 
 1330733233.273752
 88 
 1330733233.273802
 88 
 1330733233.273869
 88 
 1330733233.273922
 88 
 1330733233.273971
 88 
 1330733233.274022
 88 
 1330733233.274072
 88 
 1330733233.274122
 88 
 1330733233.274172
 88 
 1330733233.274222
 88 
 1330733233.274271
 88 
 1330733233.274321
 88 
 1330733233.274370
 88 
 1330733233.274420
 88 
 1330733233.274470
 88 
 1330733233.274520
 88 
 1330733233.327366
 89 
 1330733233.327410
 89 
 1330733233.327470
 89 
 1330733233.327511
 89 
 1330733233.327567
 89 
 1330733233.327606
 89 
 1330733233.327662
 89 
 1330733233.327703
 89 
 1330733233.327759
 89 
 1330733233.327799
 89 
 1330733233.372279
 90 
 1330733233.372324
 90 
 1330733233.372384
 90 
 1330733233.372423
 90 
 1330733233.372481
 90 
 1330733233.372515
 90 
 1330733233.372574
 90 
 1330733233.372609
 90 
 1330733233.372693
 90 
 1330733233.372729
 90 
 1330733233.372786
 90 
 1330733233.372843
 90 
 1330733233.372905
 90 
 1330733233.372945
 90 
 1330733233.373000
 90 
 1330733233.373040
 90 
 1330733233.373095
 90 
 1330733233.373148
 90 
 1330733233.373202
 90 
 1330733233.373254
 90 
 1330733233.373294
 90 
 1330733233.373349
 90 
 1330733233.373402
 90 
 1330733233.373455
 90 
 1330733233.373508
 90 
 1330733233.373548
 90 
 1330733233.373604
 90 
 1330733233.373655
 90 
 1330733233.373708
 90 
 1330733233.373760
 90 
 1330733233.373800
 90 
 1330733233.373875
 90 
 1330733233.373915
 90 
 1330733233.373970
 90 
 1330733233.374022
 90 
 1330733233.374062
 90 
 1330733233.374117
 90 
 1330733233.374156
 90 
 1330733233.374212
 90 
 1330733233.374265
 90 
 1330733233.374317
 90 
 1330733233.374370
 90 
 1330733233.374409
 90 
 1330733233.374466
 90 
 1330733233.374505
 90 
 1330733233.374561
 90 
 1330733233.374601
 90 
 1330733233.374656
 90 
 1330733233.374696
 90 
 1330733233.374752
 90 
 1330733233.374804
 90 
 1330733233.374859
 90 
 1330733233.374917
 90 
 1330733233.374957
 90 
 1330733233.375011
 90 
 1330733233.375047
 90 
 1330733233.375105
 90 
 1330733233.375139
 90 
 1330733233.375196
 90 
 1330733233.375231
 90 
 1330733233.375289
 90 
 1330733233.387595
 91 
 1330733233.387632
 91 
 1330733233.387668
 91 
 1330733233.387726
 91 
 1330733233.461208
 92 
 1330733233.461250
 92 
 1330733233.461282
 92 
 1330733233.461342
 92 
 1330733233.461376
 92 
 1330733233.461434
 92 
 1330733233.461474
 92 
 1330733233.461529
 92 
 1330733233.461585
 92 
 1330733233.461640
 92 
 1330733233.461696
 92 
 1330733233.461736
 92 
 1330733233.461793
 92 
 1330733233.461850
 92 
 1330733233.461905
 92 
 1330733233.461940
 92 
 1330733233.461998
 92 
 1330733233.462037
 92 
 1330733233.462093
 92 
 1330733233.462132
 92 
 1330733233.462188
 92 
 1330733233.462223
 92 
 1330733233.462280
 92 
 1330733233.462320
 92 
 1330733233.462375
 92 
 1330733233.462415
 92 
 1330733233.462471
 92 
 1330733233.462523
 92 
 1330733233.462576
 92 
 1330733233.462629
 92 
 1330733233.462681
 92 
 1330733233.462721
 92 
 1330733233.462777
 92 
 1330733233.462817
 92 
 1330733233.462889
 92 
 1330733233.462943
 92 
 1330733233.462981
 92 
 1330733233.463036
 92 
 1330733233.463090
 92 
 1330733233.463143
 92 
 1330733233.463195
 92 
 1330733233.463234
 92 
 1330733233.463289
 92 
 1330733233.463329
 92 
 1330733233.463384
 92 
 1330733233.463419
 92 
 1330733233.463477
 92 
 1330733233.463516
 92 
 1330733233.463571
 92 
 1330733233.463610
 92 
 1330733233.463666
 92 
 1330733233.463705
 92 
 1330733233.463761
 92 
 1330733233.463800
 92 
 1330733233.493973
 93 
 1330733233.494016
 93 
 1330733233.494051
 93 
 1330733233.494110
 93 
 1330733233.494144
 93 
 1330733233.494202
 93 
 1330733233.494236
 93 
 1330733233.494292
 93 
 1330733233.494333
 93 
 1330733233.494390
 93 
 1330733233.494429
 93 
 1330733233.494487
 93 
 1330733233.494521
 93 
 1330733233.494579
 93 
 1330733233.494618
 93 
 1330733233.494673
 93 
 1330733233.494713
 93 
 1330733233.573976
 94 
 1330733233.574019
 94 
 1330733233.574080
 94 
 1330733233.574115
 94 
 1330733233.574199
 94 
 1330733233.574239
 94 
 1330733233.574297
 94 
 1330733233.574331
 94 
 1330733233.574389
 94 
 1330733233.574425
 94 
 1330733233.601809
 95 
 1330733233.601871
 95 
 1330733233.601905
 95 
 1330733233.601967
 95 
 1330733233.602002
 95 
 1330733233.602060
 95 
 1330733233.602099
 95 
 1330733233.602157
 95 
 1330733233.602196
 95 
 1330733233.602256
 95 
 1330733233.660623
 96 
 1330733233.660667
 96 
 1330733233.660726
 96 
 1330733233.660761
 96 
 1330733233.660819
 96 
 1330733233.660877
 96 
 1330733233.660935
 96 
 1330733233.660970
 96 
 1330733233.661027
 96 
 1330733233.661085
 96 
 1330733233.661125
 96 
 1330733233.661182
 96 
 1330733233.661217
 96 
 1330733233.661273
 96 
 1330733233.661312
 96 
 1330733233.661368
 96 
 1330733233.661421
 96 
 1330733233.661460
 96 
 1330733233.661517
 96 
 1330733233.661551
 96 
 1330733233.661609
 96 
 1330733233.714933
 97 
 1330733233.714969
 97 
 1330733233.715002
 97 
 1330733233.715059
 97 
 1330733233.715098
 97 
 1330733233.715154
 97 
 1330733233.715193
 97 
 1330733233.715249
 97 
 1330733233.715305
 97 
 1330733233.715344
 97 
 1330733233.715400
 97 
 1330733233.715439
 97 
 1330733233.715496
 97 
 1330733233.715535
 97 
 1330733233.715591
 97 
 1330733233.758681
 98 
 1330733233.758723
 98 
 1330733233.758755
 98 
 1330733233.758814
 98 
 1330733233.758866
 98 
 1330733233.758925
 98 
 1330733233.758960
 98 
 1330733233.759018
 98 
 1330733233.759057
 98 
 1330733233.759115
 98 
 1330733233.759149
 98 
 1330733233.759207
 98 
 1330733233.799616
 99 
timeout.
packet count: 2000 
