 1330733246.483536
 0 
 1330733246.547107
 1 
 1330733246.547161
 1 
 1330733246.547233
 1 
 1330733246.547294
 1 
 1330733246.547352
 1 
 1330733246.547411
 1 
 1330733246.547490
 1 
 1330733246.547546
 1 
 1330733246.547600
 1 
 1330733246.547659
 1 
 1330733246.547712
 1 
 1330733246.547773
 1 
 1330733246.547858
 1 
 1330733246.547913
 1 
 1330733246.547972
 1 
 1330733246.548024
 1 
 1330733246.548080
 1 
 1330733246.548140
 1 
 1330733246.548193
 1 
 1330733246.548252
 1 
 1330733246.548304
 1 
 1330733246.548358
 1 
 1330733246.548416
 1 
 1330733246.579279
 2 
 1330733246.579320
 2 
 1330733246.579380
 2 
 1330733246.579438
 2 
 1330733246.579495
 2 
 1330733246.579555
 2 
 1330733246.644821
 3 
 1330733246.644886
 3 
 1330733246.644960
 3 
 1330733246.645021
 3 
 1330733246.645113
 3 
 1330733246.645171
 3 
 1330733246.645229
 3 
 1330733246.645287
 3 
 1330733246.645343
 3 
 1330733246.645397
 3 
 1330733246.645456
 3 
 1330733246.645509
 3 
 1330733246.645571
 3 
 1330733246.645623
 3 
 1330733246.645691
 3 
 1330733246.645748
 3 
 1330733246.645802
 3 
 1330733246.645882
 3 
 1330733246.645937
 3 
 1330733246.645989
 3 
 1330733246.646050
 3 
 1330733246.646103
 3 
 1330733246.646157
 3 
 1330733246.646216
 3 
 1330733246.646269
 3 
 1330733246.646321
 3 
 1330733246.646398
 3 
 1330733246.646454
 3 
 1330733246.646512
 3 
 1330733246.646564
 3 
 1330733246.646619
 3 
 1330733246.646678
 3 
 1330733246.646731
 3 
 1330733246.646784
 3 
 1330733246.646845
 3 
 1330733246.646909
 3 
 1330733246.646963
 3 
 1330733246.647021
 3 
 1330733246.647075
 3 
 1330733246.647133
 3 
 1330733246.647185
 3 
 1330733246.647239
 3 
 1330733246.647306
 3 
 1330733246.647359
 3 
 1330733246.647411
 3 
 1330733246.647479
 3 
 1330733246.647531
 3 
 1330733246.647585
 3 
 1330733246.647644
 3 
 1330733246.647708
 3 
 1330733246.647767
 3 
 1330733246.647820
 3 
 1330733246.647896
 3 
 1330733246.647956
 3 
 1330733246.648008
 3 
 1330733246.648062
 3 
 1330733246.648121
 3 
 1330733246.648174
 3 
 1330733246.648226
 3 
 1330733246.648279
 3 
 1330733246.648332
 3 
 1330733246.648385
 3 
 1330733246.648425
 3 
 1330733246.648479
 3 
 1330733246.648532
 3 
 1330733246.648585
 3 
 1330733246.648638
 3 
 1330733246.648677
 3 
 1330733246.648731
 3 
 1330733246.648785
 3 
 1330733246.648849
 3 
 1330733246.648903
 3 
 1330733246.648956
 3 
 1330733246.649009
 3 
 1330733246.649061
 3 
 1330733246.649113
 3 
 1330733246.649166
 3 
 1330733246.649218
 3 
 1330733246.649270
 3 
 1330733246.649323
 3 
 1330733246.649376
 3 
 1330733246.695419
 4 
 1330733246.695455
 4 
 1330733246.695493
 4 
 1330733246.695549
 4 
 1330733246.695605
 4 
 1330733246.749952
 5 
 1330733246.749992
 5 
 1330733246.750024
 5 
 1330733246.750083
 5 
 1330733246.750118
 5 
 1330733246.750175
 5 
 1330733246.750215
 5 
 1330733246.750271
 5 
 1330733246.750311
 5 
 1330733246.750367
 5 
 1330733246.750424
 5 
 1330733246.750464
 5 
 1330733246.750520
 5 
 1330733246.750573
 5 
 1330733246.750626
 5 
 1330733246.750679
 5 
 1330733246.771385
 6 
 1330733246.771420
 6 
 1330733246.771452
 6 
 1330733246.771509
 6 
 1330733246.771565
 6 
 1330733246.771621
 6 
 1330733246.771677
 6 
 1330733246.771733
 6 
 1330733246.771789
 6 
 1330733246.771844
 6 
 1330733246.771924
 6 
 1330733246.771961
 6 
 1330733246.772016
 6 
 1330733246.772069
 6 
 1330733246.772109
 6 
 1330733246.772164
 6 
 1330733246.772204
 6 
 1330733246.772259
 6 
 1330733246.772312
 6 
 1330733246.772365
 6 
 1330733246.772418
 6 
 1330733246.772457
 6 
 1330733246.772513
 6 
 1330733246.772566
 6 
 1330733246.772618
 6 
 1330733246.772670
 6 
 1330733246.772723
 6 
 1330733246.772775
 6 
 1330733246.772847
 6 
 1330733246.772883
 6 
 1330733246.772939
 6 
 1330733246.773016
 6 
 1330733246.773069
 6 
 1330733246.773107
 6 
 1330733246.773163
 6 
 1330733246.773216
 6 
 1330733246.773269
 6 
 1330733246.773308
 6 
 1330733246.773363
 6 
 1330733246.773416
 6 
 1330733246.773468
 6 
 1330733246.773521
 6 
 1330733246.773573
 6 
 1330733246.773613
 6 
 1330733246.773669
 6 
 1330733246.826932
 7 
 1330733246.826979
 7 
 1330733246.827018
 7 
 1330733246.827039
 7 
 1330733246.827059
 7 
 1330733246.827079
 7 
 1330733246.827131
 7 
 1330733246.827151
 7 
 1330733246.827170
 7 
 1330733246.827221
 7 
 1330733246.827241
 7 
 1330733246.827288
 7 
 1330733246.827335
 7 
 1330733246.827355
 7 
 1330733246.827400
 7 
 1330733246.827420
 7 
 1330733246.827444
 7 
 1330733246.827490
 7 
 1330733246.827511
 7 
 1330733246.827554
 7 
 1330733246.827574
 7 
 1330733246.827616
 7 
 1330733246.827637
 7 
 1330733246.827681
 7 
 1330733246.827701
 7 
 1330733246.827745
 7 
 1330733246.827765
 7 
 1330733246.827825
 7 
 1330733246.827858
 7 
 1330733246.827905
 7 
 1330733246.827925
 7 
 1330733246.827968
 7 
 1330733246.827988
 7 
 1330733246.828011
 7 
 1330733246.828057
 7 
 1330733246.828087
 7 
 1330733246.828110
 7 
 1330733246.894290
 8 
 1330733246.894335
 8 
 1330733246.894369
 8 
 1330733246.894401
 8 
 1330733246.894432
 8 
 1330733246.894465
 8 
 1330733246.894498
 8 
 1330733246.894529
 8 
 1330733246.894561
 8 
 1330733246.894593
 8 
 1330733246.894624
 8 
 1330733246.894703
 8 
 1330733246.894739
 8 
 1330733246.894795
 8 
 1330733246.894885
 8 
 1330733246.894921
 8 
 1330733246.894976
 8 
 1330733246.895032
 8 
 1330733246.895088
 8 
 1330733246.895140
 8 
 1330733246.895192
 8 
 1330733246.895245
 8 
 1330733246.895297
 8 
 1330733246.895349
 8 
 1330733246.895404
 8 
 1330733246.895440
 8 
 1330733246.895497
 8 
 1330733246.895532
 8 
 1330733246.895589
 8 
 1330733246.895628
 8 
 1330733246.895683
 8 
 1330733246.895736
 8 
 1330733246.895770
 8 
 1330733246.895843
 8 
 1330733246.895886
 8 
 1330733246.895942
 8 
 1330733246.895982
 8 
 1330733246.896037
 8 
 1330733246.896072
 8 
 1330733246.896129
 8 
 1330733246.896168
 8 
 1330733246.896224
 8 
 1330733246.896263
 8 
 1330733246.924595
 9 
 1330733246.924630
 9 
 1330733246.924664
 9 
 1330733246.982586
 10 
 1330733246.982621
 10 
 1330733246.982654
 10 
 1330733246.982707
 10 
 1330733246.982763
 10 
 1330733246.982819
 10 
 1330733246.982892
 10 
 1330733246.982925
 10 
 1330733246.982980
 10 
 1330733246.983019
 10 
 1330733246.983075
 10 
 1330733246.983110
 10 
 1330733246.983167
 10 
 1330733246.983202
 10 
 1330733246.983258
 10 
 1330733246.983298
 10 
 1330733246.983352
 10 
 1330733246.983405
 10 
 1330733246.983458
 10 
 1330733246.983497
 10 
 1330733246.983552
 10 
 1330733246.983604
 10 
 1330733246.983656
 10 
 1330733246.983708
 10 
 1330733246.983760
 10 
 1330733246.983812
 10 
 1330733246.983882
 10 
 1330733246.983922
 10 
 1330733246.983977
 10 
 1330733246.984028
 10 
 1330733246.984080
 10 
 1330733246.984120
 10 
 1330733246.984175
 10 
 1330733246.984211
 10 
 1330733246.984267
 10 
 1330733246.984302
 10 
 1330733246.984359
 10 
 1330733246.984397
 10 
 1330733246.984452
 10 
 1330733246.984504
 10 
 1330733246.984556
 10 
 1330733246.984608
 10 
 1330733246.984661
 10 
 1330733246.984713
 10 
 1330733246.984764
 10 
 1330733246.984816
 10 
 1330733246.984882
 10 
 1330733246.984935
 10 
 1330733246.984988
 10 
 1330733246.985028
 10 
 1330733246.985083
 10 
 1330733246.985123
 10 
 1330733246.985178
 10 
 1330733246.985218
 10 
 1330733247.028080
 11 
 1330733247.028120
 11 
 1330733247.028151
 11 
 1330733247.028210
 11 
 1330733247.028244
 11 
 1330733247.028301
 11 
 1330733247.028341
 11 
 1330733247.028399
 11 
 1330733247.028434
 11 
 1330733247.028491
 11 
 1330733247.028526
 11 
 1330733247.028583
 11 
 1330733247.028641
 11 
 1330733247.028693
 11 
 1330733247.028745
 11 
 1330733247.028784
 11 
 1330733247.028846
 11 
 1330733247.028909
 11 
 1330733247.028944
 11 
 1330733247.029001
 11 
 1330733247.029036
 11 
 1330733247.029091
 11 
 1330733247.029126
 11 
 1330733247.029182
 11 
 1330733247.029217
 11 
 1330733247.029273
 11 
 1330733247.029309
 11 
 1330733247.029365
 11 
 1330733247.029400
 11 
 1330733247.029456
 11 
 1330733247.029494
 11 
 1330733247.029550
 11 
 1330733247.029584
 11 
 1330733247.029641
 11 
 1330733247.101575
 12 
 1330733247.101615
 12 
 1330733247.101647
 12 
 1330733247.101706
 12 
 1330733247.101743
 12 
 1330733247.101790
 12 
 1330733247.101859
 12 
 1330733247.101919
 12 
 1330733247.101958
 12 
 1330733247.102016
 12 
 1330733247.102056
 12 
 1330733247.102112
 12 
 1330733247.102152
 12 
 1330733247.102209
 12 
 1330733247.102246
 12 
 1330733247.102302
 12 
 1330733247.102337
 12 
 1330733247.102394
 12 
 1330733247.138914
 13 
 1330733247.138951
 13 
 1330733247.138983
 13 
 1330733247.139038
 13 
 1330733247.139074
 13 
 1330733247.169148
 14 
 1330733247.169184
 14 
 1330733247.169238
 14 
 1330733247.169278
 14 
 1330733247.169334
 14 
 1330733247.214139
 15 
 1330733247.214175
 15 
 1330733247.214207
 15 
 1330733247.214260
 15 
 1330733247.214315
 15 
 1330733247.214371
 15 
 1330733247.214427
 15 
 1330733247.214481
 15 
 1330733247.214537
 15 
 1330733247.214589
 15 
 1330733247.214640
 15 
 1330733247.214692
 15 
 1330733247.214744
 15 
 1330733247.214796
 15 
 1330733247.214858
 15 
 1330733247.214913
 15 
 1330733247.214966
 15 
 1330733247.215018
 15 
 1330733247.215070
 15 
 1330733247.215122
 15 
 1330733247.215174
 15 
 1330733247.215225
 15 
 1330733247.215265
 15 
 1330733247.215319
 15 
 1330733247.215372
 15 
 1330733247.215411
 15 
 1330733247.215465
 15 
 1330733247.215517
 15 
 1330733247.215569
 15 
 1330733247.215609
 15 
 1330733247.268978
 16 
 1330733247.269014
 16 
 1330733247.269046
 16 
 1330733247.269082
 16 
 1330733247.269138
 16 
 1330733247.269193
 16 
 1330733247.269248
 16 
 1330733247.269303
 16 
 1330733247.269359
 16 
 1330733247.269414
 16 
 1330733247.269466
 16 
 1330733247.269517
 16 
 1330733247.269569
 16 
 1330733247.269622
 16 
 1330733247.269661
 16 
 1330733247.319755
 17 
 1330733247.319790
 17 
 1330733247.319822
 17 
 1330733247.319880
 17 
 1330733247.319934
 17 
 1330733247.319989
 17 
 1330733247.320044
 17 
 1330733247.320099
 17 
 1330733247.320155
 17 
 1330733247.320210
 17 
 1330733247.320249
 17 
 1330733247.320304
 17 
 1330733247.320345
 17 
 1330733247.320400
 17 
 1330733247.320436
 17 
 1330733247.320492
 17 
 1330733247.320528
 17 
 1330733247.368679
 18 
 1330733247.368714
 18 
 1330733247.368747
 18 
 1330733247.368801
 18 
 1330733247.368854
 18 
 1330733247.368911
 18 
 1330733247.368965
 18 
 1330733247.369020
 18 
 1330733247.369075
 18 
 1330733247.369115
 18 
 1330733247.369171
 18 
 1330733247.369211
 18 
 1330733247.369267
 18 
 1330733247.369319
 18 
 1330733247.369371
 18 
 1330733247.369423
 18 
 1330733247.369475
 18 
 1330733247.369528
 18 
 1330733247.369580
 18 
 1330733247.369619
 18 
 1330733247.369675
 18 
 1330733247.369727
 18 
 1330733247.369779
 18 
 1330733247.369818
 18 
 1330733247.369891
 18 
 1330733247.369931
 18 
 1330733247.453452
 19 
 1330733247.453487
 19 
 1330733247.453520
 19 
 1330733247.453552
 19 
 1330733247.453588
 19 
 1330733247.453645
 19 
 1330733247.453684
 19 
 1330733247.453739
 19 
 1330733247.453794
 19 
 1330733247.453863
 19 
 1330733247.453921
 19 
 1330733247.453961
 19 
 1330733247.454035
 19 
 1330733247.454070
 19 
 1330733247.454126
 19 
 1330733247.454165
 19 
 1330733247.454221
 19 
 1330733247.454256
 19 
 1330733247.454312
 19 
 1330733247.454347
 19 
 1330733247.454403
 19 
 1330733247.454438
 19 
 1330733247.454495
 19 
 1330733247.454531
 19 
 1330733247.454587
 19 
 1330733247.454622
 19 
 1330733247.454679
 19 
 1330733247.454718
 19 
 1330733247.454773
 19 
 1330733247.454808
 19 
 1330733247.454888
 19 
 1330733247.454924
 19 
 1330733247.454980
 19 
 1330733247.455016
 19 
 1330733247.455072
 19 
 1330733247.455111
 19 
 1330733247.455166
 19 
 1330733247.455206
 19 
 1330733247.455261
 19 
 1330733247.455300
 19 
 1330733247.455355
 19 
 1330733247.455394
 19 
 1330733247.455450
 19 
 1330733247.455489
 19 
 1330733247.455544
 19 
 1330733247.455595
 19 
 1330733247.455647
 19 
 1330733247.455699
 19 
 1330733247.455750
 19 
 1330733247.455802
 19 
 1330733247.455874
 19 
 1330733247.484007
 20 
 1330733247.484042
 20 
 1330733247.537994
 21 
 1330733247.538030
 21 
 1330733247.538063
 21 
 1330733247.538116
 21 
 1330733247.538170
 21 
 1330733247.538225
 21 
 1330733247.538269
 21 
 1330733247.538324
 21 
 1330733247.538363
 21 
 1330733247.538419
 21 
 1330733247.588982
 22 
 1330733247.589020
 22 
 1330733247.589075
 22 
 1330733247.589129
 22 
 1330733247.589184
 22 
 1330733247.589237
 22 
 1330733247.589292
 22 
 1330733247.589347
 22 
 1330733247.589396
 22 
 1330733247.589445
 22 
 1330733247.589495
 22 
 1330733247.589545
 22 
 1330733247.589594
 22 
 1330733247.589643
 22 
 1330733247.589692
 22 
 1330733247.589743
 22 
 1330733247.589792
 22 
 1330733247.589859
 22 
 1330733247.589894
 22 
 1330733247.589950
 22 
 1330733247.589985
 22 
 1330733247.590042
 22 
 1330733247.590081
 22 
 1330733247.590135
 22 
 1330733247.590174
 22 
 1330733247.590230
 22 
 1330733247.633231
 23 
 1330733247.633267
 23 
 1330733247.633300
 23 
 1330733247.633355
 23 
 1330733247.633390
 23 
 1330733247.633456
 23 
 1330733247.633496
 23 
 1330733247.633551
 23 
 1330733247.633591
 23 
 1330733247.633647
 23 
 1330733247.633702
 23 
 1330733247.633758
 23 
 1330733247.633810
 23 
 1330733247.633883
 23 
 1330733247.633923
 23 
 1330733247.633977
 23 
 1330733247.634030
 23 
 1330733247.634082
 23 
 1330733247.634134
 23 
 1330733247.634187
 23 
 1330733247.634221
 23 
 1330733247.634279
 23 
 1330733247.634313
 23 
 1330733247.634369
 23 
 1330733247.634404
 23 
 1330733247.675188
 24 
 1330733247.675224
 24 
 1330733247.675256
 24 
 1330733247.675311
 24 
 1330733247.734558
 25 
 1330733247.734595
 25 
 1330733247.734628
 25 
 1330733247.734682
 25 
 1330733247.734722
 25 
 1330733247.734778
 25 
 1330733247.734852
 25 
 1330733247.734889
 25 
 1330733247.734944
 25 
 1330733247.734983
 25 
 1330733247.735039
 25 
 1330733247.735073
 25 
 1330733247.735132
 25 
 1330733247.735167
 25 
 1330733247.735223
 25 
 1330733247.735263
 25 
 1330733247.735317
 25 
 1330733247.735353
 25 
 1330733247.735409
 25 
 1330733247.735444
 25 
 1330733247.735500
 25 
 1330733247.824849
 27 
 1330733247.824888
 27 
 1330733247.824925
 27 
 1330733247.824957
 27 
 1330733247.825014
 27 
 1330733247.825053
 27 
 1330733247.825110
 27 
 1330733247.825164
 27 
 1330733247.825220
 27 
 1330733247.825275
 27 
 1330733247.825315
 27 
 1330733247.825371
 27 
 1330733247.825410
 27 
 1330733247.825465
 27 
 1330733247.825517
 27 
 1330733247.825569
 27 
 1330733247.825621
 27 
 1330733247.825674
 27 
 1330733247.825713
 27 
 1330733247.825768
 27 
 1330733247.825807
 27 
 1330733247.825882
 27 
 1330733247.825918
 27 
 1330733247.825974
 27 
 1330733247.826009
 27 
 1330733247.826066
 27 
 1330733247.826101
 27 
 1330733247.826156
 27 
 1330733247.826209
 27 
 1330733247.826261
 27 
 1330733247.826312
 27 
 1330733247.826363
 27 
 1330733247.826415
 27 
 1330733247.826454
 27 
 1330733247.826510
 27 
 1330733247.826562
 27 
 1330733247.826614
 27 
 1330733247.826666
 27 
 1330733247.916281
 29 
 1330733247.916316
 29 
 1330733247.916371
 29 
 1330733247.916410
 29 
 1330733247.916466
 29 
 1330733247.984531
 30 
 1330733247.984566
 30 
 1330733247.984597
 30 
 1330733247.984630
 30 
 1330733247.984684
 30 
 1330733247.984723
 30 
 1330733247.984779
 30 
 1330733247.984874
 30 
 1330733247.984911
 30 
 1330733247.984943
 30 
 1330733247.984996
 30 
 1330733247.985052
 30 
 1330733247.985108
 30 
 1330733247.985177
 30 
 1330733247.985216
 30 
 1330733247.985271
 30 
 1330733247.985307
 30 
 1330733247.985363
 30 
 1330733247.985402
 30 
 1330733247.985456
 30 
 1330733247.985508
 30 
 1330733247.985560
 30 
 1330733247.985612
 30 
 1330733247.985664
 30 
 1330733247.985715
 30 
 1330733247.985768
 30 
 1330733247.985820
 30 
 1330733247.986018
 30 
 1330733247.986054
 30 
 1330733247.986109
 30 
 1330733247.986144
 30 
 1330733247.986201
 30 
 1330733247.986237
 30 
 1330733247.986292
 30 
 1330733247.986331
 30 
 1330733247.986386
 30 
 1330733247.986438
 30 
 1330733247.986490
 30 
 1330733248.021171
 31 
 1330733248.021208
 31 
 1330733248.021240
 31 
 1330733248.021296
 31 
 1330733248.021352
 31 
 1330733248.021409
 31 
 1330733248.021465
 31 
 1330733248.099094
 32 
 1330733248.099133
 32 
 1330733248.099170
 32 
 1330733248.099215
 32 
 1330733248.099274
 32 
 1330733248.099313
 32 
 1330733248.099369
 32 
 1330733248.099427
 32 
 1330733248.099466
 32 
 1330733248.099524
 32 
 1330733248.099558
 32 
 1330733248.099616
 32 
 1330733248.099655
 32 
 1330733248.099712
 32 
 1330733248.099751
 32 
 1330733248.099806
 32 
 1330733248.099870
 32 
 1330733248.099925
 32 
 1330733248.099978
 32 
 1330733248.100030
 32 
 1330733248.100082
 32 
 1330733248.100134
 32 
 1330733248.100187
 32 
 1330733248.100238
 32 
 1330733248.100291
 32 
 1330733248.100344
 32 
 1330733248.100383
 32 
 1330733248.100439
 32 
 1330733248.100474
 32 
 1330733248.100532
 32 
 1330733248.100566
 32 
 1330733248.100623
 32 
 1330733248.100658
 32 
 1330733248.100714
 32 
 1330733248.100749
 32 
 1330733248.100807
 32 
 1330733248.100879
 32 
 1330733248.100934
 32 
 1330733248.100973
 32 
 1330733248.116047
 33 
 1330733248.116084
 33 
 1330733248.116116
 33 
 1330733248.116174
 33 
 1330733248.116212
 33 
 1330733248.116269
 33 
 1330733248.116304
 33 
 1330733248.116362
 33 
 1330733248.181799
 34 
 1330733248.181883
 34 
 1330733248.181917
 34 
 1330733248.223017
 35 
 1330733248.223054
 35 
 1330733248.223086
 35 
 1330733248.223139
 35 
 1330733248.223195
 35 
 1330733248.223251
 35 
 1330733248.324161
 37 
 1330733248.324197
 37 
 1330733248.324228
 37 
 1330733248.324287
 37 
 1330733248.324322
 37 
 1330733248.324381
 37 
 1330733248.324416
 37 
 1330733248.324472
 37 
 1330733248.324527
 37 
 1330733248.324583
 37 
 1330733248.324619
 37 
 1330733248.324675
 37 
 1330733248.324711
 37 
 1330733248.324767
 37 
 1330733248.324803
 37 
 1330733248.378496
 38 
 1330733248.378533
 38 
 1330733248.378565
 38 
 1330733248.378603
 38 
 1330733248.378661
 38 
 1330733248.378696
 38 
 1330733248.378752
 38 
 1330733248.378788
 38 
 1330733248.378847
 38 
 1330733248.378908
 38 
 1330733248.378943
 38 
 1330733248.379000
 38 
 1330733248.379035
 38 
 1330733248.379093
 38 
 1330733248.433990
 39 
 1330733248.434025
 39 
 1330733248.434057
 39 
 1330733248.434111
 39 
 1330733248.434166
 39 
 1330733248.434223
 39 
 1330733248.434278
 39 
 1330733248.434334
 39 
 1330733248.434389
 39 
 1330733248.434441
 39 
 1330733248.434493
 39 
 1330733248.434546
 39 
 1330733248.434599
 39 
 1330733248.434638
 39 
 1330733248.434693
 39 
 1330733248.434746
 39 
 1330733248.434784
 39 
 1330733248.434843
 39 
 1330733248.434901
 39 
 1330733248.434940
 39 
 1330733248.434995
 39 
 1330733248.435047
 39 
 1330733248.435100
 39 
 1330733248.435140
 39 
 1330733248.435193
 39 
 1330733248.435233
 39 
 1330733248.435289
 39 
 1330733248.435324
 39 
 1330733248.435381
 39 
 1330733248.435415
 39 
 1330733248.435473
 39 
 1330733248.435508
 39 
 1330733248.435564
 39 
 1330733248.435600
 39 
 1330733248.484751
 40 
 1330733248.484787
 40 
 1330733248.484819
 40 
 1330733248.484877
 40 
 1330733248.485087
 40 
 1330733248.485125
 40 
 1330733248.485219
 40 
 1330733248.485256
 40 
 1330733248.485346
 40 
 1330733248.485383
 40 
 1330733248.485474
 40 
 1330733248.485510
 40 
 1330733248.485621
 40 
 1330733248.485730
 40 
 1330733248.485823
 40 
 1330733248.485940
 40 
 1330733248.486092
 40 
 1330733248.486134
 40 
 1330733248.486166
 40 
 1330733248.486225
 40 
 1330733248.486275
 40 
 1330733248.486324
 40 
 1330733248.486374
 40 
 1330733248.486424
 40 
 1330733248.486474
 40 
 1330733248.486524
 40 
 1330733248.486573
 40 
 1330733248.486622
 40 
 1330733248.486672
 40 
 1330733248.486722
 40 
 1330733248.486771
 40 
 1330733248.486821
 40 
 1330733248.486893
 40 
 1330733248.486944
 40 
 1330733248.486994
 40 
 1330733248.487044
 40 
 1330733248.487094
 40 
 1330733248.487144
 40 
 1330733248.487195
 40 
 1330733248.487244
 40 
 1330733248.487294
 40 
 1330733248.487344
 40 
 1330733248.487394
 40 
 1330733248.487443
 40 
 1330733248.487493
 40 
 1330733248.487543
 40 
 1330733248.487592
 40 
 1330733248.487642
 40 
 1330733248.487691
 40 
 1330733248.487741
 40 
 1330733248.487791
 40 
 1330733248.487855
 40 
 1330733248.487907
 40 
 1330733248.487957
 40 
 1330733248.488012
 40 
 1330733248.488062
 40 
 1330733248.530992
 41 
 1330733248.531029
 41 
 1330733248.531061
 41 
 1330733248.600718
 42 
 1330733248.600756
 42 
 1330733248.600788
 42 
 1330733248.600851
 42 
 1330733248.600911
 42 
 1330733248.600969
 42 
 1330733248.601026
 42 
 1330733248.601084
 42 
 1330733248.601142
 42 
 1330733248.601195
 42 
 1330733248.601249
 42 
 1330733248.601288
 42 
 1330733248.601343
 42 
 1330733248.601383
 42 
 1330733248.601439
 42 
 1330733248.601478
 42 
 1330733248.601534
 42 
 1330733248.601569
 42 
 1330733248.601627
 42 
 1330733248.601661
 42 
 1330733248.601719
 42 
 1330733248.601754
 42 
 1330733248.601811
 42 
 1330733248.601865
 42 
 1330733248.601918
 42 
 1330733248.601972
 42 
 1330733248.602024
 42 
 1330733248.602077
 42 
 1330733248.602117
 42 
 1330733248.602172
 42 
 1330733248.602212
 42 
 1330733248.602267
 42 
 1330733248.602302
 42 
 1330733248.624859
 43 
 1330733248.624895
 43 
 1330733248.624926
 43 
 1330733248.624985
 43 
 1330733248.625020
 43 
 1330733248.625076
 43 
 1330733248.625132
 43 
 1330733248.625172
 43 
 1330733248.625227
 43 
 1330733248.625283
 43 
 1330733248.689088
 44 
 1330733248.689123
 44 
 1330733248.689180
 44 
 1330733248.689220
 44 
 1330733248.689276
 44 
 1330733248.689315
 44 
 1330733248.689371
 44 
 1330733248.689427
 44 
 1330733248.741003
 45 
 1330733248.741039
 45 
 1330733248.781088
 46 
 1330733248.781124
 46 
 1330733248.781157
 46 
 1330733248.781210
 46 
 1330733248.781265
 46 
 1330733248.781320
 46 
 1330733248.781375
 46 
 1330733248.781430
 46 
 1330733248.781485
 46 
 1330733248.781538
 46 
 1330733248.781590
 46 
 1330733248.781641
 46 
 1330733248.781693
 46 
 1330733248.781745
 46 
 1330733248.781797
 46 
 1330733248.781864
 46 
 1330733248.781901
 46 
 1330733248.781954
 46 
 1330733248.781993
 46 
 1330733248.782049
 46 
 1330733248.782089
 46 
 1330733248.846657
 47 
 1330733248.846692
 47 
 1330733248.846724
 47 
 1330733248.846756
 47 
 1330733248.846814
 47 
 1330733248.846867
 47 
 1330733248.846924
 47 
 1330733248.846959
 47 
 1330733248.847017
 47 
 1330733248.847053
 47 
 1330733248.847109
 47 
 1330733248.872641
 48 
 1330733248.872677
 48 
 1330733248.872708
 48 
 1330733248.872765
 48 
 1330733248.872800
 48 
 1330733248.927503
 49 
 1330733248.927538
 49 
 1330733248.927570
 49 
 1330733248.927623
 49 
 1330733249.001752
 50 
 1330733249.001789
 50 
 1330733249.001821
 50 
 1330733249.001942
 50 
 1330733249.001974
 50 
 1330733249.002006
 50 
 1330733249.002038
 50 
 1330733249.002069
 50 
 1330733249.002101
 50 
 1330733249.002132
 50 
 1330733249.002198
 50 
 1330733249.002233
 50 
 1330733249.002289
 50 
 1330733249.002325
 50 
 1330733249.002383
 50 
 1330733249.002417
 50 
 1330733249.002475
 50 
 1330733249.002514
 50 
 1330733249.002571
 50 
 1330733249.002610
 50 
 1330733249.002667
 50 
 1330733249.002706
 50 
 1330733249.002761
 50 
 1330733249.002814
 50 
 1330733249.002873
 50 
 1330733249.002930
 50 
 1330733249.002969
 50 
 1330733249.003023
 50 
 1330733249.003063
 50 
 1330733249.003118
 50 
 1330733249.003158
 50 
 1330733249.003212
 50 
 1330733249.003264
 50 
 1330733249.003304
 50 
 1330733249.003378
 50 
 1330733249.003437
 50 
 1330733249.003493
 50 
 1330733249.003533
 50 
 1330733249.003588
 50 
 1330733249.003623
 50 
 1330733249.003679
 50 
 1330733249.003714
 50 
 1330733249.039776
 51 
 1330733249.039812
 51 
 1330733249.039865
 51 
 1330733249.039899
 51 
 1330733249.039956
 51 
 1330733249.039992
 51 
 1330733249.040050
 51 
 1330733249.040085
 51 
 1330733249.040141
 51 
 1330733249.040176
 51 
 1330733249.040233
 51 
 1330733249.040269
 51 
 1330733249.040328
 51 
 1330733249.040367
 51 
 1330733249.040424
 51 
 1330733249.040464
 51 
 1330733249.040518
 51 
 1330733249.040553
 51 
 1330733249.040611
 51 
 1330733249.081115
 52 
 1330733249.081152
 52 
 1330733249.081183
 52 
 1330733249.081214
 52 
 1330733249.081245
 52 
 1330733249.081279
 52 
 1330733249.081335
 52 
 1330733249.081369
 52 
 1330733249.081426
 52 
 1330733249.081465
 52 
 1330733249.081522
 52 
 1330733249.081567
 52 
 1330733249.081621
 52 
 1330733249.081656
 52 
 1330733249.081713
 52 
 1330733249.081753
 52 
 1330733249.081808
 52 
 1330733249.081906
 52 
 1330733249.081941
 52 
 1330733249.081974
 52 
 1330733249.082032
 52 
 1330733249.082071
 52 
 1330733249.129422
 53 
 1330733249.129462
 53 
 1330733249.129495
 53 
 1330733249.129552
 53 
 1330733249.129587
 53 
 1330733249.129645
 53 
 1330733249.129680
 53 
 1330733249.129737
 53 
 1330733249.129793
 53 
 1330733249.129860
 53 
 1330733249.129917
 53 
 1330733249.129951
 53 
 1330733249.130008
 53 
 1330733249.130047
 53 
 1330733249.130102
 53 
 1330733249.130142
 53 
 1330733249.130196
 53 
 1330733249.130247
 53 
 1330733249.130300
 53 
 1330733249.130351
 53 
 1330733249.130403
 53 
 1330733249.130455
 53 
 1330733249.130507
 53 
 1330733249.130560
 53 
 1330733249.130612
 53 
 1330733249.130663
 53 
 1330733249.130715
 53 
 1330733249.130768
 53 
 1330733249.130819
 53 
 1330733249.130874
 53 
 1330733249.130929
 53 
 1330733249.130981
 53 
 1330733249.131032
 53 
 1330733249.190857
 54 
 1330733249.190894
 54 
 1330733249.190947
 54 
 1330733249.191004
 54 
 1330733249.191059
 54 
 1330733249.191114
 54 
 1330733249.191170
 54 
 1330733249.191225
 54 
 1330733249.191276
 54 
 1330733249.191328
 54 
 1330733249.191381
 54 
 1330733249.191432
 54 
 1330733249.191484
 54 
 1330733249.191535
 54 
 1330733249.191587
 54 
 1330733249.191638
 54 
 1330733249.191690
 54 
 1330733249.191743
 54 
 1330733249.191794
 54 
 1330733249.191855
 54 
 1330733249.191911
 54 
 1330733249.191963
 54 
 1330733249.192015
 54 
 1330733249.192054
 54 
 1330733249.192110
 54 
 1330733249.192168
 54 
 1330733249.192208
 54 
 1330733249.192262
 54 
 1330733249.192302
 54 
 1330733249.192358
 54 
 1330733249.192410
 54 
 1330733249.192462
 54 
 1330733249.192514
 54 
 1330733249.192566
 54 
 1330733249.192619
 54 
 1330733249.192671
 54 
 1330733249.192723
 54 
 1330733249.192763
 54 
 1330733249.192817
 54 
 1330733249.192885
 54 
 1330733249.192938
 54 
 1330733249.192990
 54 
 1330733249.193042
 54 
 1330733249.193095
 54 
 1330733249.193135
 54 
 1330733249.193189
 54 
 1330733249.193242
 54 
 1330733249.193294
 54 
 1330733249.193333
 54 
 1330733249.193388
 54 
 1330733249.193428
 54 
 1330733249.193483
 54 
 1330733249.193535
 54 
 1330733249.193588
 54 
 1330733249.193640
 54 
 1330733249.193692
 54 
 1330733249.193745
 54 
 1330733249.193780
 54 
 1330733249.193849
 54 
 1330733249.193903
 54 
 1330733249.193955
 54 
 1330733249.194007
 54 
 1330733249.194058
 54 
 1330733249.194110
 54 
 1330733249.194162
 54 
 1330733249.194216
 54 
 1330733249.194269
 54 
 1330733249.194322
 54 
 1330733249.194375
 54 
 1330733249.194414
 54 
 1330733249.194470
 54 
 1330733249.194505
 54 
 1330733249.194561
 54 
 1330733249.194597
 54 
 1330733249.194653
 54 
 1330733249.194689
 54 
 1330733249.194745
 54 
 1330733249.194784
 54 
 1330733249.194843
 54 
 1330733249.194900
 54 
 1330733249.194940
 54 
 1330733249.194995
 54 
 1330733249.195047
 54 
 1330733249.195099
 54 
 1330733249.195150
 54 
 1330733249.195201
 54 
 1330733249.195253
 54 
 1330733249.195305
 54 
 1330733249.195357
 54 
 1330733249.195409
 54 
 1330733249.195460
 54 
 1330733249.195512
 54 
 1330733249.195564
 54 
 1330733249.195615
 54 
 1330733249.195666
 54 
 1330733249.195718
 54 
 1330733249.232782
 55 
 1330733249.232818
 55 
 1330733249.232869
 55 
 1330733249.232924
 55 
 1330733249.232979
 55 
 1330733249.233036
 55 
 1330733249.233091
 55 
 1330733249.233147
 55 
 1330733249.233186
 55 
 1330733249.233242
 55 
 1330733249.233294
 55 
 1330733249.233346
 55 
 1330733249.233398
 55 
 1330733249.233450
 55 
 1330733249.233501
 55 
 1330733249.233554
 55 
 1330733249.233607
 55 
 1330733249.233659
 55 
 1330733249.233711
 55 
 1330733249.233764
 55 
 1330733249.233816
 55 
 1330733249.233882
 55 
 1330733249.233934
 55 
 1330733249.233986
 55 
 1330733249.234039
 55 
 1330733249.234091
 55 
 1330733249.234143
 55 
 1330733249.234195
 55 
 1330733249.234247
 55 
 1330733249.234287
 55 
 1330733249.301499
 56 
 1330733249.301544
 56 
 1330733249.301576
 56 
 1330733249.301608
 56 
 1330733249.301639
 56 
 1330733249.301695
 56 
 1330733249.301735
 56 
 1330733249.301791
 56 
 1330733249.301857
 56 
 1330733249.301915
 56 
 1330733249.301970
 56 
 1330733249.302026
 56 
 1330733249.302079
 56 
 1330733249.302130
 56 
 1330733249.302183
 56 
 1330733249.302235
 56 
 1330733249.302305
 56 
 1330733249.302339
 56 
 1330733249.302397
 56 
 1330733249.302435
 56 
 1330733249.302489
 56 
 1330733249.302542
 56 
 1330733249.302593
 56 
 1330733249.302633
 56 
 1330733249.302689
 56 
 1330733249.302727
 56 
 1330733249.302781
 56 
 1330733249.302847
 56 
 1330733249.319387
 57 
 1330733249.319423
 57 
 1330733249.319454
 57 
 1330733249.319511
 57 
 1330733249.319545
 57 
 1330733249.319603
 57 
 1330733249.319642
 57 
 1330733249.319697
 57 
 1330733249.319732
 57 
 1330733249.319789
 57 
 1330733249.319824
 57 
 1330733249.319900
 57 
 1330733249.319935
 57 
 1330733249.319994
 57 
 1330733249.320032
 57 
 1330733249.320086
 57 
 1330733249.320138
 57 
 1330733249.320190
 57 
 1330733249.320243
 57 
 1330733249.320294
 57 
 1330733249.320346
 57 
 1330733249.320399
 57 
 1330733249.320438
 57 
 1330733249.320492
 57 
 1330733249.320544
 57 
 1330733249.320596
 57 
 1330733249.320632
 57 
 1330733249.320689
 57 
 1330733249.320724
 57 
 1330733249.320780
 57 
 1330733249.320845
 57 
 1330733249.320899
 57 
 1330733249.320951
 57 
 1330733249.321002
 57 
 1330733249.321054
 57 
 1330733249.321107
 57 
 1330733249.321147
 57 
 1330733249.389132
 58 
 1330733249.389167
 58 
 1330733249.389199
 58 
 1330733249.389230
 58 
 1330733249.389284
 58 
 1330733249.389319
 58 
 1330733249.389377
 58 
 1330733249.389411
 58 
 1330733249.389488
 58 
 1330733249.389522
 58 
 1330733249.389578
 58 
 1330733249.389618
 58 
 1330733249.389674
 58 
 1330733249.389713
 58 
 1330733249.389768
 58 
 1330733249.389820
 58 
 1330733249.389892
 58 
 1330733249.389945
 58 
 1330733249.389998
 58 
 1330733249.390051
 58 
 1330733249.390090
 58 
 1330733249.390145
 58 
 1330733249.390184
 58 
 1330733249.390247
 58 
 1330733249.390287
 58 
 1330733249.390342
 58 
 1330733249.390377
 58 
 1330733249.390434
 58 
 1330733249.390469
 58 
 1330733249.390525
 58 
 1330733249.390559
 58 
 1330733249.390617
 58 
 1330733249.390652
 58 
 1330733249.390708
 58 
 1330733249.390743
 58 
 1330733249.390802
 58 
 1330733249.390867
 58 
 1330733249.438268
 59 
 1330733249.438303
 59 
 1330733249.438336
 59 
 1330733249.438390
 59 
 1330733249.494927
 60 
 1330733249.494962
 60 
 1330733249.494994
 60 
 1330733249.495047
 60 
 1330733249.495103
 60 
 1330733249.495157
 60 
 1330733249.495210
 60 
 1330733249.495265
 60 
 1330733249.495320
 60 
 1330733249.495372
 60 
 1330733249.495424
 60 
 1330733249.495476
 60 
 1330733249.495528
 60 
 1330733249.495580
 60 
 1330733249.495633
 60 
 1330733249.495684
 60 
 1330733249.495736
 60 
 1330733249.495777
 60 
 1330733249.495851
 60 
 1330733249.495888
 60 
 1330733249.495942
 60 
 1330733249.495995
 60 
 1330733249.531399
 61 
 1330733249.531444
 61 
 1330733249.570986
 62 
 1330733249.571023
 62 
 1330733249.571056
 62 
 1330733249.571111
 62 
 1330733249.635748
 63 
 1330733249.635786
 63 
 1330733249.635818
 63 
 1330733249.635870
 63 
 1330733249.635930
 63 
 1330733249.635965
 63 
 1330733249.636022
 63 
 1330733249.636078
 63 
 1330733249.636133
 63 
 1330733249.636189
 63 
 1330733249.636244
 63 
 1330733249.636295
 63 
 1330733249.670314
 64 
 1330733249.670361
 64 
 1330733249.670402
 64 
 1330733249.670459
 64 
 1330733249.670514
 64 
 1330733249.670567
 64 
 1330733249.670620
 64 
 1330733249.670673
 64 
 1330733249.670728
 64 
 1330733249.670779
 64 
 1330733249.670863
 64 
 1330733249.670899
 64 
 1330733249.717654
 65 
 1330733249.717696
 65 
 1330733249.717730
 65 
 1330733249.717790
 65 
 1330733249.783325
 66 
 1330733249.783371
 66 
 1330733249.783406
 66 
 1330733249.783463
 66 
 1330733249.783499
 66 
 1330733249.783556
 66 
 1330733249.783596
 66 
 1330733249.783653
 66 
 1330733249.783693
 66 
 1330733249.783749
 66 
 1330733249.783916
 66 
 1330733249.783951
 66 
 1330733249.783983
 66 
 1330733249.784015
 66 
 1330733249.784045
 66 
 1330733249.784078
 66 
 1330733249.784110
 66 
 1330733249.784141
 66 
 1330733249.784173
 66 
 1330733249.784205
 66 
 1330733249.784238
 66 
 1330733249.784297
 66 
 1330733249.784368
 66 
 1330733249.784403
 66 
 1330733249.784459
 66 
 1330733249.784498
 66 
 1330733249.784573
 66 
 1330733249.784607
 66 
 1330733249.784663
 66 
 1330733249.784699
 66 
 1330733249.784755
 66 
 1330733249.784790
 66 
 1330733249.784880
 66 
 1330733249.784916
 66 
 1330733249.784972
 66 
 1330733249.785007
 66 
 1330733249.785064
 66 
 1330733249.785104
 66 
 1330733249.785160
 66 
 1330733249.785199
 66 
 1330733249.785254
 66 
 1330733249.785308
 66 
 1330733249.785347
 66 
 1330733249.785401
 66 
 1330733249.785454
 66 
 1330733249.785506
 66 
 1330733249.890930
 68 
 1330733249.890977
 68 
 1330733249.891012
 68 
 1330733249.891075
 68 
 1330733249.891110
 68 
 1330733249.891169
 68 
 1330733249.891205
 68 
 1330733249.891263
 68 
 1330733249.891304
 68 
 1330733249.891361
 68 
 1330733249.891401
 68 
 1330733249.943512
 69 
 1330733249.943555
 69 
 1330733249.943590
 69 
 1330733249.943648
 69 
 1330733249.943688
 69 
 1330733249.943742
 69 
 1330733249.943796
 69 
 1330733249.943864
 69 
 1330733249.943920
 69 
 1330733249.943975
 69 
 1330733249.944027
 69 
 1330733249.944076
 69 
 1330733249.944127
 69 
 1330733249.944176
 69 
 1330733249.944226
 69 
 1330733249.975283
 70 
 1330733249.975326
 70 
 1330733249.975367
 70 
 1330733249.975423
 70 
 1330733249.975477
 70 
 1330733249.975530
 70 
 1330733249.975584
 70 
 1330733249.975637
 70 
 1330733249.975688
 70 
 1330733249.975738
 70 
 1330733249.975788
 70 
 1330733249.975854
 70 
 1330733250.069635
 72 
 1330733250.069680
 72 
 1330733250.069716
 72 
 1330733250.069775
 72 
 1330733250.069816
 72 
 1330733250.069899
 72 
 1330733250.069935
 72 
 1330733250.069992
 72 
 1330733250.070033
 72 
 1330733250.070090
 72 
 1330733250.070126
 72 
 1330733250.070183
 72 
 1330733250.070223
 72 
 1330733250.070279
 72 
 1330733250.070314
 72 
 1330733250.070372
 72 
 1330733250.070407
 72 
 1330733250.070464
 72 
 1330733250.070503
 72 
 1330733250.070560
 72 
 1330733250.070680
 72 
 1330733250.118537
 73 
 1330733250.118584
 73 
 1330733250.118624
 73 
 1330733250.118685
 73 
 1330733250.118720
 73 
 1330733250.118779
 73 
 1330733250.118819
 73 
 1330733250.118898
 73 
 1330733250.118934
 73 
 1330733250.118993
 73 
 1330733250.119029
 73 
 1330733250.119087
 73 
 1330733250.119123
 73 
 1330733250.119182
 73 
 1330733250.119217
 73 
 1330733250.119274
 73 
 1330733250.119308
 73 
 1330733250.119366
 73 
 1330733250.119405
 73 
 1330733250.119461
 73 
 1330733250.119501
 73 
 1330733250.119557
 73 
 1330733250.119610
 73 
 1330733250.119663
 73 
 1330733250.119716
 73 
 1330733250.119756
 73 
 1330733250.119812
 73 
 1330733250.119868
 73 
 1330733250.119925
 73 
 1330733250.119964
 73 
 1330733250.120021
 73 
 1330733250.120056
 73 
 1330733250.120115
 73 
 1330733250.120149
 73 
 1330733250.120206
 73 
 1330733250.120241
 73 
 1330733250.120298
 73 
 1330733250.120338
 73 
 1330733250.120393
 73 
 1330733250.120447
 73 
 1330733250.120487
 73 
 1330733250.120543
 73 
 1330733250.120583
 73 
 1330733250.120639
 73 
 1330733250.120693
 73 
 1330733250.120732
 73 
 1330733250.120788
 73 
 1330733250.120843
 73 
 1330733250.120900
 73 
 1330733250.120936
 73 
 1330733250.170049
 74 
 1330733250.170111
 74 
 1330733250.170152
 74 
 1330733250.170208
 74 
 1330733250.170248
 74 
 1330733250.170304
 74 
 1330733250.170344
 74 
 1330733250.170400
 74 
 1330733250.170454
 74 
 1330733250.170508
 74 
 1330733250.170561
 74 
 1330733250.170616
 74 
 1330733250.170669
 74 
 1330733250.170708
 74 
 1330733250.170764
 74 
 1330733250.170816
 74 
 1330733250.170888
 74 
 1330733250.170925
 74 
 1330733250.170983
 74 
 1330733250.171019
 74 
 1330733250.171075
 74 
 1330733250.171112
 74 
 1330733250.171168
 74 
 1330733250.171204
 74 
 1330733250.171261
 74 
 1330733250.216468
 75 
 1330733250.216506
 75 
 1330733250.216538
 75 
 1330733250.216593
 75 
 1330733250.216629
 75 
 1330733250.216686
 75 
 1330733250.265592
 76 
 1330733250.265629
 76 
 1330733250.265662
 76 
 1330733250.265717
 76 
 1330733250.265774
 76 
 1330733250.265852
 76 
 1330733250.265888
 76 
 1330733250.265945
 76 
 1330733250.265985
 76 
 1330733250.320555
 77 
 1330733250.320596
 77 
 1330733250.320628
 77 
 1330733250.320686
 77 
 1330733250.320721
 77 
 1330733250.320779
 77 
 1330733250.320815
 77 
 1330733250.320894
 77 
 1330733250.320931
 77 
 1330733250.320987
 77 
 1330733250.321028
 77 
 1330733250.321085
 77 
 1330733250.321120
 77 
 1330733250.321179
 77 
 1330733250.321214
 77 
 1330733250.321271
 77 
 1330733250.321306
 77 
 1330733250.321365
 77 
 1330733250.321400
 77 
 1330733250.321457
 77 
 1330733250.321498
 77 
 1330733250.321552
 77 
 1330733250.321592
 77 
 1330733250.321647
 77 
 1330733250.321687
 77 
 1330733250.321743
 77 
 1330733250.321797
 77 
 1330733250.321852
 77 
 1330733250.321908
 77 
 1330733250.321962
 77 
 1330733250.322002
 77 
 1330733250.322059
 77 
 1330733250.322099
 77 
 1330733250.322154
 77 
 1330733250.322194
 77 
 1330733250.322251
 77 
 1330733250.322292
 77 
 1330733250.322348
 77 
 1330733250.322388
 77 
 1330733250.322444
 77 
 1330733250.322484
 77 
 1330733250.322539
 77 
 1330733250.322592
 77 
 1330733250.322645
 77 
 1330733250.322685
 77 
 1330733250.322739
 77 
 1330733250.395474
 78 
 1330733250.395521
 78 
 1330733250.395556
 78 
 1330733250.395616
 78 
 1330733250.395651
 78 
 1330733250.395711
 78 
 1330733250.395746
 78 
 1330733250.395804
 78 
 1330733250.395862
 78 
 1330733250.395923
 78 
 1330733250.395958
 78 
 1330733250.396015
 78 
 1330733250.396051
 78 
 1330733250.396108
 78 
 1330733250.396147
 78 
 1330733250.396203
 78 
 1330733250.396238
 78 
 1330733250.396296
 78 
 1330733250.396334
 78 
 1330733250.396391
 78 
 1330733250.396431
 78 
 1330733250.396486
 78 
 1330733250.396526
 78 
 1330733250.396580
 78 
 1330733250.396646
 78 
 1330733250.396701
 78 
 1330733250.396754
 78 
 1330733250.396806
 78 
 1330733250.396880
 78 
 1330733250.439747
 79 
 1330733250.439783
 79 
 1330733250.439815
 79 
 1330733250.439867
 79 
 1330733250.439926
 79 
 1330733250.489064
 80 
 1330733250.489099
 80 
 1330733250.489132
 80 
 1330733250.489186
 80 
 1330733250.489243
 80 
 1330733250.489298
 80 
 1330733250.489338
 80 
 1330733250.489393
 80 
 1330733250.489433
 80 
 1330733250.489489
 80 
 1330733250.489530
 80 
 1330733250.489586
 80 
 1330733250.489626
 80 
 1330733250.489680
 80 
 1330733250.489720
 80 
 1330733250.489776
 80 
 1330733250.517219
 81 
 1330733250.517257
 81 
 1330733250.517289
 81 
 1330733250.517348
 81 
 1330733250.517384
 81 
 1330733250.517441
 81 
 1330733250.517481
 81 
 1330733250.517536
 81 
 1330733250.517593
 81 
 1330733250.584295
 82 
 1330733250.584336
 82 
 1330733250.584394
 82 
 1330733250.584448
 82 
 1330733250.616279
 83 
 1330733250.616317
 83 
 1330733250.616351
 83 
 1330733250.616407
 83 
 1330733250.616448
 83 
 1330733250.616506
 83 
 1330733250.616541
 83 
 1330733250.616599
 83 
 1330733250.616634
 83 
 1330733250.616692
 83 
 1330733250.616731
 83 
 1330733250.616789
 83 
 1330733250.616859
 83 
 1330733250.616914
 83 
 1330733250.616954
 83 
 1330733250.617008
 83 
 1330733250.617044
 83 
 1330733250.617100
 83 
 1330733250.617140
 83 
 1330733250.617195
 83 
 1330733250.617235
 83 
 1330733250.617289
 83 
 1330733250.617329
 83 
 1330733250.617384
 83 
 1330733250.617424
 83 
 1330733250.617481
 83 
 1330733250.617521
 83 
 1330733250.617574
 83 
 1330733250.617614
 83 
 1330733250.617670
 83 
 1330733250.617710
 83 
 1330733250.617764
 83 
 1330733250.617804
 83 
 1330733250.617879
 83 
 1330733250.617916
 83 
 1330733250.617973
 83 
 1330733250.618013
 83 
 1330733250.618068
 83 
 1330733250.618108
 83 
 1330733250.618164
 83 
 1330733250.618204
 83 
 1330733250.618260
 83 
 1330733250.618313
 83 
 1330733250.618366
 83 
 1330733250.618420
 83 
 1330733250.618459
 83 
 1330733250.618515
 83 
 1330733250.618567
 83 
 1330733250.618607
 83 
 1330733250.618663
 83 
 1330733250.618702
 83 
 1330733250.618757
 83 
 1330733250.618811
 83 
 1330733250.618878
 83 
 1330733250.618931
 83 
 1330733250.618984
 83 
 1330733250.619025
 83 
 1330733250.619079
 83 
 1330733250.619132
 83 
 1330733250.681948
 84 
 1330733250.681989
 84 
 1330733250.682022
 84 
 1330733250.682080
 84 
 1330733250.682119
 84 
 1330733250.682175
 84 
 1330733250.682215
 84 
 1330733250.682271
 84 
 1330733250.682311
 84 
 1330733250.682367
 84 
 1330733250.682401
 84 
 1330733250.682461
 84 
 1330733250.682500
 84 
 1330733250.682556
 84 
 1330733250.736418
 85 
 1330733250.736455
 85 
 1330733250.736512
 85 
 1330733250.736551
 85 
 1330733250.736607
 85 
 1330733250.736646
 85 
 1330733250.736702
 85 
 1330733250.736759
 85 
 1330733250.736813
 85 
 1330733250.736870
 85 
 1330733250.736927
 85 
 1330733250.736962
 85 
 1330733250.765558
 86 
 1330733250.765593
 86 
 1330733250.765628
 86 
 1330733250.765681
 86 
 1330733250.765722
 86 
 1330733250.765777
 86 
 1330733250.765848
 86 
 1330733250.765889
 86 
 1330733250.765948
 86 
 1330733250.765987
 86 
 1330733250.766042
 86 
 1330733250.766082
 86 
 1330733250.766138
 86 
 1330733250.766173
 86 
 1330733250.766230
 86 
 1330733250.766265
 86 
 1330733250.766321
 86 
 1330733250.766361
 86 
 1330733250.766417
 86 
 1330733250.766452
 86 
 1330733250.766508
 86 
 1330733250.766548
 86 
 1330733250.766604
 86 
 1330733250.766638
 86 
 1330733250.766695
 86 
 1330733250.766734
 86 
 1330733250.766788
 86 
 1330733250.766844
 86 
 1330733250.766904
 86 
 1330733250.853503
 87 
 1330733250.853545
 87 
 1330733250.853579
 87 
 1330733250.853637
 87 
 1330733250.853676
 87 
 1330733250.853734
 87 
 1330733250.853773
 87 
 1330733250.853849
 87 
 1330733250.853885
 87 
 1330733250.853941
 87 
 1330733250.899083
 88 
 1330733250.899118
 88 
 1330733250.899150
 88 
 1330733250.899204
 88 
 1330733250.899260
 88 
 1330733250.899316
 88 
 1330733250.899371
 88 
 1330733250.899426
 88 
 1330733250.899482
 88 
 1330733250.899535
 88 
 1330733250.899587
 88 
 1330733250.899640
 88 
 1330733250.899693
 88 
 1330733250.899745
 88 
 1330733250.899797
 88 
 1330733250.899857
 88 
 1330733250.899912
 88 
 1330733250.899951
 88 
 1330733250.900008
 88 
 1330733250.900047
 88 
 1330733250.900103
 88 
 1330733250.900137
 88 
 1330733250.900195
 88 
 1330733250.900230
 88 
 1330733250.900287
 88 
 1330733250.900321
 88 
 1330733250.900378
 88 
 1330733250.900419
 88 
 1330733250.900473
 88 
 1330733250.900513
 88 
 1330733250.900568
 88 
 1330733250.900603
 88 
 1330733250.900661
 88 
 1330733250.900695
 88 
 1330733250.900750
 88 
 1330733250.900791
 88 
 1330733250.900847
 88 
 1330733250.900907
 88 
 1330733250.900948
 88 
 1330733250.901001
 88 
 1330733250.901055
 88 
 1330733250.901107
 88 
 1330733250.901160
 88 
 1330733250.901212
 88 
 1330733250.901265
 88 
 1330733250.901317
 88 
 1330733250.901357
 88 
 1330733250.901412
 88 
 1330733250.901451
 88 
 1330733250.901507
 88 
 1330733250.901548
 88 
 1330733250.901603
 88 
 1330733250.901643
 88 
 1330733250.901697
 88 
 1330733250.901749
 88 
 1330733250.901801
 88 
 1330733250.901853
 88 
 1330733250.901912
 88 
 1330733250.901948
 88 
 1330733250.902004
 88 
 1330733250.902044
 88 
 1330733250.953397
 89 
 1330733250.953433
 89 
 1330733250.953465
 89 
 1330733250.953519
 89 
 1330733250.998307
 90 
 1330733250.998343
 90 
 1330733250.998376
 90 
 1330733250.998431
 90 
 1330733250.998485
 90 
 1330733250.998540
 90 
 1330733250.998594
 90 
 1330733250.998649
 90 
 1330733250.998704
 90 
 1330733250.998756
 90 
 1330733250.998809
 90 
 1330733250.998881
 90 
 1330733250.998917
 90 
 1330733250.998950
 90 
 1330733250.999008
 90 
 1330733250.999043
 90 
 1330733250.999098
 90 
 1330733250.999133
 90 
 1330733250.999190
 90 
 1330733250.999225
 90 
 1330733250.999281
 90 
 1330733250.999316
 90 
 1330733250.999373
 90 
 1330733250.999408
 90 
 1330733250.999464
 90 
 1330733250.999499
 90 
 1330733250.999556
 90 
 1330733250.999594
 90 
 1330733250.999649
 90 
 1330733250.999689
 90 
 1330733250.999745
 90 
 1330733250.999785
 90 
 1330733250.999865
 90 
 1330733250.999902
 90 
 1330733250.999952
 90 
 1330733250.999991
 90 
 1330733251.000046
 90 
 1330733251.000099
 90 
 1330733251.000152
 90 
 1330733251.000205
 90 
 1330733251.000244
 90 
 1330733251.000299
 90 
 1330733251.000351
 90 
 1330733251.000404
 90 
 1330733251.000444
 90 
 1330733251.000500
 90 
 1330733251.000535
 90 
 1330733251.000592
 90 
 1330733251.000628
 90 
 1330733251.000684
 90 
 1330733251.000724
 90 
 1330733251.000779
 90 
 1330733251.000815
 90 
 1330733251.000891
 90 
 1330733251.013667
 91 
 1330733251.013711
 91 
 1330733251.013744
 91 
 1330733251.013805
 91 
 1330733251.013861
 91 
 1330733251.013920
 91 
 1330733251.013976
 91 
 1330733251.014033
 91 
 1330733251.014089
 91 
 1330733251.014146
 91 
 1330733251.014198
 91 
 1330733251.014233
 91 
 1330733251.014291
 91 
 1330733251.014326
 91 
 1330733251.014382
 91 
 1330733251.014421
 91 
 1330733251.014476
 91 
 1330733251.087233
 92 
 1330733251.087271
 92 
 1330733251.087325
 92 
 1330733251.087379
 92 
 1330733251.087435
 92 
 1330733251.087488
 92 
 1330733251.087544
 92 
 1330733251.087598
 92 
 1330733251.087649
 92 
 1330733251.087698
 92 
 1330733251.120005
 93 
 1330733251.120042
 93 
 1330733251.120075
 93 
 1330733251.120132
 93 
 1330733251.120190
 93 
 1330733251.120247
 93 
 1330733251.120304
 93 
 1330733251.120361
 93 
 1330733251.120419
 93 
 1330733251.120470
 93 
 1330733251.200012
 94 
 1330733251.200048
 94 
 1330733251.200080
 94 
 1330733251.200112
 94 
 1330733251.200149
 94 
 1330733251.200205
 94 
 1330733251.200244
 94 
 1330733251.200300
 94 
 1330733251.200340
 94 
 1330733251.200395
 94 
 1330733251.200434
 94 
 1330733251.200488
 94 
 1330733251.200544
 94 
 1330733251.200599
 94 
 1330733251.200652
 94 
 1330733251.200704
 94 
 1330733251.200757
 94 
 1330733251.200793
 94 
 1330733251.200861
 94 
 1330733251.200897
 94 
 1330733251.200953
 94 
 1330733251.201022
 94 
 1330733251.201059
 94 
 1330733251.201114
 94 
 1330733251.201154
 94 
 1330733251.201210
 94 
 1330733251.201246
 94 
 1330733251.201302
 94 
 1330733251.201337
 94 
 1330733251.201394
 94 
 1330733251.201433
 94 
 1330733251.201488
 94 
 1330733251.201541
 94 
 1330733251.201593
 94 
 1330733251.201646
 94 
 1330733251.201697
 94 
 1330733251.227856
 95 
 1330733251.227892
 95 
 1330733251.227924
 95 
 1330733251.227979
 95 
 1330733251.228019
 95 
 1330733251.228075
 95 
 1330733251.228131
 95 
 1330733251.228186
 95 
 1330733251.228242
 95 
 1330733251.228297
 95 
 1330733251.228350
 95 
 1330733251.228402
 95 
 1330733251.286663
 96 
 1330733251.286698
 96 
 1330733251.286730
 96 
 1330733251.340979
 97 
 1330733251.341015
 97 
 1330733251.341047
 97 
 1330733251.341100
 97 
 1330733251.384715
 98 
 1330733251.384750
 98 
 1330733251.384783
 98 
 1330733251.384859
 98 
 1330733251.384896
 98 
 1330733251.384949
 98 
 1330733251.385004
 98 
 1330733251.385060
 98 
 1330733251.385115
 98 
 1330733251.385170
 98 
 1330733251.385222
 98 
 1330733251.385273
 98 
 1330733251.385325
 98 
 1330733251.385377
 98 
 1330733251.385429
 98 
 1330733251.385483
 98 
 1330733251.385536
 98 
 1330733251.385588
 98 
 1330733251.385640
 98 
 1330733251.385692
 98 
 1330733251.385744
 98 
 1330733251.385784
 98 
 1330733251.385843
 98 
 1330733251.385903
 98 
 1330733251.385938
 98 
 1330733251.385994
 98 
 1330733251.386029
 98 
 1330733251.386086
 98 
 1330733251.386126
 98 
 1330733251.386180
 98 
 1330733251.386233
 98 
 1330733251.386285
 98 
 1330733251.386336
 98 
 1330733251.386389
 98 
 1330733251.386441
 98 
 1330733251.386494
 98 
 1330733251.386547
 98 
 1330733251.386598
 98 
 1330733251.386651
 98 
 1330733251.386703
 98 
 1330733251.386756
 98 
 1330733251.386808
 98 
 1330733251.386878
 98 
 1330733251.386932
 98 
 1330733251.386971
 98 
 1330733251.387026
 98 
 1330733251.387067
 98 
 1330733251.387122
 98 
 1330733251.387161
 98 
 1330733251.425652
 99 
timeout.
packet count: 2056 
