 1330733056.045082
 0 
 1330733056.108628
 1 
 1330733056.140798
 2 
 1330733056.206369
 3 
 1330733056.256972
 4 
 1330733056.311494
 5 
 1330733056.332917
 6 
 1330733056.388433
 7 
 1330733056.455762
 8 
 1330733056.486190
 9 
 1330733056.544149
 10 
 1330733056.589619
 11 
 1330733056.663116
 12 
 1330733056.700449
 13 
 1330733056.730678
 14 
 1330733056.775673
 15 
 1330733056.830510
 16 
 1330733056.881314
 17 
 1330733056.930237
 18 
 1330733057.015002
 19 
 1330733057.045544
 20 
 1330733057.099528
 21 
 1330733057.150525
 22 
 1330733057.194766
 23 
 1330733057.236715
 24 
 1330733057.296093
 25 
 1330733057.341026
 26 
 1330733057.386365
 27 
 1330733057.457360
 28 
 1330733057.477819
 29 
 1330733057.546090
 30 
 1330733057.582715
 31 
 1330733057.660628
 32 
 1330733057.677594
 33 
 1330733057.743352
 34 
 1330733057.784589
 35 
 1330733057.861134
 36 
 1330733057.885704
 37 
 1330733057.940035
 38 
 1330733057.995530
 39 
 1330733058.046286
 40 
 1330733058.092530
 41 
 1330733058.162280
 42 
 1330733058.186431
 43 
 1330733058.250633
 44 
 1330733058.302547
 45 
 1330733058.342631
 46 
 1330733058.408194
 47 
 1330733058.434183
 48 
 1330733058.489040
 49 
 1330733058.563276
 50 
 1330733058.601314
 51 
 1330733058.642599
 52 
 1330733058.690954
 53 
 1330733058.752396
 54 
 1330733058.794320
 55 
 1330733058.863024
 56 
 1330733058.880927
 57 
 1330733058.950661
 58 
 1330733058.999801
 59 
 1330733059.056468
 60 
 1330733059.092897
 61 
 1330733059.132520
 62 
 1330733059.197277
 63 
 1330733059.231801
 64 
 1330733059.279141
 65 
 1330733059.344863
 66 
 1330733059.414404
 67 
 1330733059.452396
 68 
 1330733059.505013
 69 
 1330733059.536841
 70 
 1330733059.598409
 71 
 1330733059.631116
 72 
 1330733059.680043
 73 
 1330733059.731582
 74 
 1330733059.778000
 75 
 1330733059.827122
 76 
 1330733059.882072
 77 
 1330733059.956939
 78 
 1330733060.001279
 79 
 1330733060.050596
 80 
 1330733060.078759
 81 
 1330733060.145850
 82 
 1330733060.177809
 83 
 1330733060.243475
 84 
 1330733060.297958
 85 
 1330733060.327088
 86 
 1330733060.415023
 87 
 1330733060.460616
 88 
 1330733060.514930
 89 
 1330733060.559864
 90 
 1330733060.575177
 91 
 1330733060.648771
 92 
 1330733060.681537
 93 
 1330733060.761539
 94 
 1330733060.789383
 95 
 1330733060.848187
 96 
 1330733060.902509
 97 
 1330733060.946244
 98 
 1330733060.987184
 99 
 1330733061.048093
 100 
 1330733061.104930
 101 
 1330733061.126426
 102 
 1330733061.208340
 103 
 1330733061.259944
 104 
 1330733061.314187
 105 
 1330733061.361147
 106 
 1330733061.401688
 107 
 1330733061.431569
 108 
 1330733061.510572
 109 
 1330733061.551014
 110 
 1330733061.600196
 111 
 1330733061.653089
 112 
 1330733061.727995
 114 
 1330733061.783960
 115 
 1330733061.845436
 116 
 1330733061.886215
 117 
 1330733061.953786
 118 
 1330733061.993927
 119 
 1330733062.062787
 120 
 1330733062.088468
 121 
 1330733062.142396
 122 
 1330733062.188806
 123 
 1330733062.258344
 124 
 1330733062.302034
 125 
 1330733062.344290
 126 
 1330733062.403525
 127 
 1330733062.449917
 128 
 1330733062.491596
 129 
 1330733062.551996
 130 
 1330733062.588927
 131 
 1330733062.649379
 132 
 1330733062.704241
 133 
 1330733062.754636
 134 
 1330733062.811853
 135 
 1330733062.896315
 137 
 1330733062.935434
 138 
 1330733063.002461
 139 
 1330733063.029460
 140 
 1330733063.098078
 141 
 1330733063.151711
 142 
 1330733063.206046
 143 
 1330733063.238196
 144 
 1330733063.314387
 145 
 1330733063.358105
 146 
 1330733063.382535
 147 
 1330733063.463361
 148 
 1330733063.505607
 149 
 1330733063.529861
 150 
 1330733063.590364
 151 
 1330733063.662752
 152 
 1330733063.709491
 153 
 1330733063.756759
 154 
 1330733063.786899
 155 
 1330733063.861400
 156 
 1330733063.894934
 157 
 1330733063.931518
 158 
 1330733064.009595
 159 
 1330733064.043555
 160 
 1330733064.094850
 161 
 1330733064.132222
 162 
 1330733064.204111
 163 
 1330733064.249131
 164 
 1330733064.308534
 165 
 1330733064.332135
 166 
 1330733064.394955
 167 
 1330733064.430537
 168 
 1330733064.488073
 169 
 1330733064.561394
 170 
 1330733064.608541
 171 
 1330733064.644887
 172 
 1330733064.690782
 173 
 1330733064.749397
 174 
 1330733064.781084
 175 
 1330733064.829406
 176 
 1330733064.889586
 177 
 1330733064.938302
 178 
 1330733064.992132
 179 
 1330733065.048388
 180 
 1330733065.101387
 181 
 1330733065.210365
 183 
 1330733065.245750
 184 
 1330733065.297316
 185 
 1330733065.358220
 186 
 1330733065.384797
 187 
 1330733065.454189
 188 
 1330733065.514459
 189 
 1330733065.560943
 190 
 1330733065.591451
 191 
 1330733065.656373
 192 
 1330733065.686772
 193 
 1330733065.759661
 194 
 1330733065.776978
 195 
 1330733065.864484
 196 
 1330733065.883454
 197 
 1330733065.959618
 198 
 1330733065.978984
 199 
 1330733066.037087
 200 
 1330733066.107383
 201 
 1330733066.127074
 202 
 1330733066.193332
 203 
 1330733066.252695
 204 
 1330733066.279775
 205 
 1330733066.348189
 206 
 1330733066.398850
 207 
 1330733066.437200
 208 
 1330733066.494089
 209 
 1330733066.549405
 210 
 1330733066.549499
 210 
 1330733066.549871
 210 
 1330733066.550096
 210 
 1330733066.550293
 210 
 1330733066.550489
 210 
 1330733066.550687
 210 
 1330733066.550844
 210 
 1330733066.550979
 210 
 1330733066.551110
 210 
 1330733066.551227
 210 
 1330733066.551352
 210 
 1330733066.551470
 210 
 1330733066.551591
 210 
 1330733066.551720
 210 
 1330733066.551840
 210 
 1330733066.551974
 210 
 1330733066.552103
 210 
 1330733066.599765
 211 
 1330733066.634362
 212 
 1330733066.677816
 213 
 1330733066.761962
 214 
 1330733066.794278
 215 
 1330733066.858085
 216 
 1330733066.889302
 217 
 1330733066.938777
 218 
 1330733067.001371
 219 
 1330733067.100057
 221 
 1330733067.137338
 222 
 1330733067.182931
 223 
 1330733067.229399
 224 
 1330733067.306309
 225 
 1330733067.333017
 226 
 1330733067.387645
 227 
 1330733067.434251
 228 
 1330733067.496321
 229 
 1330733067.547226
 230 
 1330733067.590215
 231 
 1330733067.637229
 232 
 1330733067.685463
 233 
 1330733067.747111
 234 
 1330733067.802454
 235 
 1330733067.852923
 236 
 1330733067.900856
 237 
 1330733067.946327
 238 
 1330733067.999745
 239 
 1330733068.045754
 240 
 1330733068.089508
 241 
 1330733068.157088
 242 
 1330733068.181123
 243 
 1330733068.227550
 244 
 1330733068.282517
 245 
 1330733068.353024
 246 
 1330733068.375058
 247 
 1330733068.437227
 248 
 1330733068.501225
 249 
 1330733068.532252
 250 
 1330733068.601713
 251 
 1330733068.651141
 252 
 1330733068.710414
 253 
 1330733068.731291
 254 
 1330733068.808172
 255 
 1330733068.861175
 256 
 1330733068.890790
 257 
 1330733068.959767
 258 
 1330733069.004564
 259 
 1330733069.034333
 260 
 1330733069.097087
 261 
 1330733069.144792
 262 
 1330733069.212587
 263 
 1330733069.212687
 263 
 1330733069.213175
 263 
 1330733069.213423
 263 
 1330733069.213594
 263 
 1330733069.213724
 263 
 1330733069.213890
 263 
 1330733069.214018
 263 
 1330733069.214136
 263 
 1330733069.214256
 263 
 1330733069.214383
 263 
 1330733069.214501
 263 
 1330733069.214628
 263 
 1330733069.214747
 263 
 1330733069.214885
 263 
 1330733069.215009
 263 
 1330733069.215133
 263 
 1330733069.215252
 263 
 1330733069.215376
 263 
 1330733069.215495
 263 
 1330733069.215615
 263 
 1330733069.215751
 263 
 1330733069.215888
 263 
 1330733069.216015
 263 
 1330733069.216136
 263 
 1330733069.216254
 263 
 1330733069.216408
 263 
 1330733069.216531
 263 
 1330733069.216662
 263 
 1330733069.216781
 263 
 1330733069.216931
 263 
 1330733069.217056
 263 
 1330733069.217207
 263 
 1330733069.217349
 263 
 1330733069.217473
 263 
 1330733069.217606
 263 
 1330733069.217740
 263 
 1330733069.217894
 263 
 1330733069.218010
 263 
 1330733069.218134
 263 
 1330733069.218249
 263 
 1330733069.218366
 263 
 1330733069.218494
 263 
 1330733069.218609
 263 
 1330733069.218732
 263 
 1330733069.218879
 263 
 1330733069.218995
 263 
 1330733069.219110
 263 
 1330733069.219237
 263 
 1330733069.219379
 263 
 1330733069.219505
 263 
 1330733069.219623
 263 
 1330733069.219739
 263 
 1330733069.219882
 263 
 1330733069.220002
 263 
 1330733069.220131
 263 
 1330733069.220268
 263 
 1330733069.220387
 263 
 1330733069.220503
 263 
 1330733069.220644
 263 
 1330733069.220763
 263 
 1330733069.220919
 263 
 1330733069.221039
 263 
 1330733069.221156
 263 
 1330733069.221279
 263 
 1330733069.221399
 263 
 1330733069.221514
 263 
 1330733069.221637
 263 
 1330733069.221758
 263 
 1330733069.221901
 263 
 1330733069.222031
 263 
 1330733069.222146
 263 
 1330733069.222287
 263 
 1330733069.222416
 263 
 1330733069.222537
 263 
 1330733069.222663
 263 
 1330733069.222783
 263 
 1330733069.222994
 263 
 1330733069.223134
 263 
 1330733069.223233
 263 
 1330733069.223331
 263 
 1330733069.223424
 263 
 1330733069.223516
 263 
 1330733069.223613
 263 
 1330733069.223676
 263 
 1330733069.223746
 263 
 1330733069.223808
 263 
 1330733069.223897
 263 
 1330733069.223967
 263 
 1330733069.224029
 263 
 1330733069.224094
 263 
 1330733069.224186
 263 
 1330733069.224298
 263 
 1330733069.224362
 263 
 1330733069.224453
 263 
 1330733069.224517
 263 
 1330733069.224584
 263 
 1330733069.224647
 263 
 1330733069.224711
 263 
 1330733069.224778
 263 
 1330733069.224846
 263 
 1330733069.224923
 263 
 1330733069.224991
 263 
 1330733069.225054
 263 
 1330733069.225142
 263 
 1330733069.225218
 263 
 1330733069.225280
 263 
 1330733069.225348
 263 
 1330733069.225410
 263 
 1330733069.225476
 263 
 1330733069.225543
 263 
 1330733069.225606
 263 
 1330733069.257573
 264 
 1330733069.301296
 265 
 1330733069.362461
 266 
 1330733069.409990
 267 
 1330733069.450518
 268 
 1330733069.506028
 269 
 1330733069.535514
 270 
 1330733069.593867
 271 
 1330733069.656862
 272 
 1330733069.709932
 273 
 1330733069.741517
 274 
 1330733069.798892
 275 
 1330733069.846561
 276 
 1330733069.898180
 277 
 1330733069.953052
 278 
 1330733070.008315
 279 
 1330733070.029509
 280 
 1330733070.095426
 281 
 1330733070.157593
 282 
 1330733070.200551
 283 
 1330733070.230791
 284 
 1330733070.284916
 285 
 1330733070.325702
 286 
 1330733070.397963
 287 
 1330733070.448319
 288 
 1330733070.494107
 289 
 1330733070.527352
 290 
 1330733070.600654
 291 
 1330733070.633912
 292 
 1330733070.700223
 293 
 1330733070.754527
 294 
 1330733070.792550
 295 
 1330733070.863115
 296 
 1330733070.910974
 297 
 1330733070.938346
 298 
 1330733070.983775
 299 
 1330733071.063006
 300 
 1330733071.110377
 301 
 1330733071.132356
 302 
 1330733071.206212
 303 
 1330733071.261192
 304 
 1330733071.305468
 305 
 1330733071.338282
 306 
 1330733071.397453
 307 
 1330733071.449891
 308 
 1330733071.494125
 309 
 1330733071.551160
 310 
 1330733071.583427
 311 
 1330733071.659631
 312 
 1330733071.689945
 313 
 1330733071.750873
 314 
 1330733071.802072
 315 
 1330733071.827358
 316 
 1330733071.897560
 317 
 1330733071.925753
 318 
 1330733071.975365
 319 
 1330733072.049072
 320 
 1330733072.110499
 321 
 1330733072.131924
 322 
 1330733072.194515
 323 
 1330733072.250630
 324 
 1330733072.281244
 325 
 1330733072.281319
 325 
 1330733072.281755
 325 
 1330733072.282079
 325 
 1330733072.282475
 325 
 1330733072.282713
 325 
 1330733072.282907
 325 
 1330733072.283070
 325 
 1330733072.283232
 325 
 1330733072.283399
 325 
 1330733072.283558
 325 
 1330733072.283750
 325 
 1330733072.283943
 325 
 1330733072.284106
 325 
 1330733072.284266
 325 
 1330733072.284435
 325 
 1330733072.284597
 325 
 1330733072.284774
 325 
 1330733072.284949
 325 
 1330733072.285111
 325 
 1330733072.285282
 325 
 1330733072.285442
 325 
 1330733072.285601
 325 
 1330733072.285770
 325 
 1330733072.286085
 325 
 1330733072.286238
 325 
 1330733072.286411
 325 
 1330733072.286563
 325 
 1330733072.286732
 325 
 1330733072.286913
 325 
 1330733072.287077
 325 
 1330733072.287245
 325 
 1330733072.287404
 325 
 1330733072.287571
 325 
 1330733072.287748
 325 
 1330733072.287935
 325 
 1330733072.288092
 325 
 1330733072.288253
 325 
 1330733072.288410
 325 
 1330733072.288566
 325 
 1330733072.288720
 325 
 1330733072.288897
 325 
 1330733072.289057
 325 
 1330733072.360292
 326 
 1330733072.410983
 327 
 1330733072.444038
 328 
 1330733072.512887
 329 
 1330733072.559636
 330 
 1330733072.603752
 331 
 1330733072.632368
 332 
 1330733072.681704
 333 
 1330733072.750047
 334 
 1330733072.780073
 335 
 1330733072.862889
 336 
 1330733072.881437
 337 
 1330733072.943475
 338 
 1330733073.011616
 339 
 1330733073.049568
 340 
 1330733073.090750
 341 
 1330733073.142463
 342 
 1330733073.184773
 343 
 1330733073.247646
 344 
 1330733073.276393
 345 
 1330733073.357559
 346 
 1330733073.389260
 347 
 1330733073.426433
 348 
 1330733073.483042
 349 
 1330733073.552993
 350 
 1330733073.610578
 351 
 1330733073.638700
 352 
 1330733073.638769
 352 
 1330733073.639261
 352 
 1330733073.639369
 352 
 1330733073.639467
 352 
 1330733073.639563
 352 
 1330733073.639656
 352 
 1330733073.639752
 352 
 1330733073.639813
 352 
 1330733073.639896
 352 
 1330733073.639956
 352 
 1330733073.640017
 352 
 1330733073.640078
 352 
 1330733073.705670
 353 
 1330733073.752952
 354 
 1330733073.811171
 355 
 1330733073.855101
 356 
 1330733073.907383
 357 
 1330733073.948647
 358 
 1330733073.979063
 359 
 1330733074.034774
 360 
 1330733074.098564
 361 
 1330733074.160585
 362 
 1330733074.177242
 363 
 1330733074.243762
 364 
 1330733074.298478
 365 
 1330733074.407631
 367 
 1330733074.446063
 368 
 1330733074.504178
 369 
 1330733074.535573
 370 
 1330733074.596570
 371 
 1330733074.662263
 372 
 1330733074.683231
 373 
 1330733074.741040
 374 
 1330733074.802198
 375 
 1330733074.842733
 376 
 1330733074.903133
 377 
 1330733074.933584
 378 
 1330733074.985330
 379 
 1330733075.025648
 380 
 1330733075.109095
 381 
 1330733075.137871
 382 
 1330733075.196069
 383 
 1330733075.235012
 384 
 1330733075.277931
 385 
 1330733075.360592
 386 
 1330733075.396244
 387 
 1330733075.463357
 388 
 1330733075.488760
 389 
 1330733075.526762
 390 
 1330733075.575208
 391 
 1330733075.636721
 392 
 1330733075.707805
 393 
 1330733075.743694
 394 
 1330733075.782639
 395 
 1330733075.861932
 396 
 1330733075.878379
 397 
 1330733075.953450
 398 
 1330733075.978717
 399 
 1330733076.059712
 400 
 1330733076.094033
 401 
 1330733076.156096
 402 
 1330733076.198144
 403 
 1330733076.254747
 404 
 1330733076.278864
 405 
 1330733076.362864
 406 
 1330733076.385999
 407 
 1330733076.457386
 408 
 1330733076.504879
 409 
 1330733076.531931
 410 
 1330733076.605434
 411 
 1330733076.664246
 412 
 1330733076.688661
 413 
 1330733076.743266
 414 
 1330733076.801157
 415 
 1330733076.849015
 416 
 1330733076.878249
 417 
 1330733076.930481
 418 
 1330733076.979581
 419 
 1330733077.048302
 420 
 1330733077.101730
 421 
 1330733077.137498
 422 
 1330733077.205724
 423 
 1330733077.290979
 425 
 1330733077.343108
 426 
 1330733077.387330
 427 
 1330733077.425220
 428 
 1330733077.480052
 429 
 1330733077.528369
 430 
 1330733077.606441
 431 
 1330733077.661408
 432 
 1330733077.677534
 433 
 1330733077.746089
 434 
 1330733077.812111
 435 
 1330733077.840522
 436 
 1330733077.900539
 437 
 1330733077.946569
 438 
 1330733078.007891
 439 
 1330733078.061893
 440 
 1330733078.106566
 441 
 1330733078.140278
 442 
 1330733078.207378
 443 
 1330733078.254925
 444 
 1330733078.308966
 445 
 1330733078.353574
 446 
 1330733078.395650
 447 
 1330733078.445103
 448 
 1330733078.501874
 449 
 1330733078.555234
 450 
 1330733078.580560
 451 
 1330733078.632868
 452 
 1330733078.708766
 453 
 1330733078.732361
 454 
 1330733078.787520
 455 
 1330733078.860534
 456 
 1330733078.894193
 457 
 1330733078.932990
 458 
 1330733079.001301
 459 
 1330733079.033882
 460 
 1330733079.106132
 461 
 1330733079.130683
 462 
 1330733079.197443
 463 
 1330733079.259930
 464 
 1330733079.301955
 465 
 1330733079.358294
 466 
 1330733079.405931
 467 
 1330733079.448610
 468 
 1330733079.505543
 469 
 1330733079.536371
 470 
 1330733079.610238
 471 
 1330733079.632161
 472 
 1330733079.692721
 473 
 1330733079.750897
 474 
 1330733079.788030
 475 
 1330733079.849298
 476 
 1330733079.907233
 477 
 1330733079.940953
 478 
 1330733079.990772
 479 
 1330733080.048985
 480 
 1330733080.111054
 481 
 1330733080.160245
 482 
 1330733080.193424
 483 
 1330733080.236695
 484 
 1330733080.284854
 485 
 1330733080.337047
 486 
 1330733080.404977
 487 
 1330733080.444435
 488 
 1330733080.509347
 489 
 1330733080.536725
 490 
 1330733080.575114
 491 
 1330733080.636552
 492 
 1330733080.701008
 493 
 1330733080.813385
 495 
 1330733080.829514
 496 
 1330733080.883290
 497 
 1330733080.946447
 498 
 1330733080.993631
 499 
timeout.
packet count: 675 
