 1330732982.447044
 0 
 1330732982.510579
 1 
 1330732982.542742
 2 
 1330732982.608290
 3 
 1330732982.658902
 4 
 1330732982.713436
 5 
 1330732982.734875
 6 
 1330732982.790383
 7 
 1330732982.857693
 8 
 1330732982.888060
 9 
 1330732982.946062
 10 
 1330732982.991556
 11 
 1330732983.065063
 12 
 1330732983.102383
 13 
 1330732983.132627
 14 
 1330732983.177617
 15 
 1330732983.232457
 16 
 1330732983.283237
 17 
 1330732983.332159
 18 
 1330732983.416929
 19 
 1330732983.447468
 20 
 1330732983.552493
 22 
 1330732983.596694
 23 
 1330732983.742981
 26 
 1330732983.788286
 27 
 1330732983.859282
 28 
 1330732983.879765
 29 
 1330732983.948016
 30 
 1330732984.062580
 32 
 1330732984.079513
 33 
 1330732984.145282
 34 
 1330732984.186497
 35 
 1330732984.263051
 36 
 1330732984.287615
 37 
 1330732984.341978
 38 
 1330732984.397457
 39 
 1330732984.448238
 40 
 1330732984.494462
 41 
 1330732984.564197
 42 
 1330732984.588324
 43 
 1330732984.652553
 44 
 1330732984.704456
 45 
 1330732984.744556
 46 
 1330732984.810114
 47 
 1330732984.836106
 48 
 1330732984.890973
 49 
 1330732984.965213
 50 
 1330732985.003251
 51 
 1330732985.044530
 52 
 1330732985.092887
 53 
 1330732985.154330
 54 
 1330732985.196251
 55 
 1330732985.264963
 56 
 1330732985.282853
 57 
 1330732985.352585
 58 
 1330732985.401738
 59 
 1330732985.458388
 60 
 1330732985.494851
 61 
 1330732985.534451
 62 
 1330732985.599230
 63 
 1330732985.633735
 64 
 1330732985.681079
 65 
 1330732985.746772
 66 
 1330732985.816337
 67 
 1330732985.854321
 68 
 1330732985.906934
 69 
 1330732985.938715
 70 
 1330732986.000335
 71 
 1330732986.033054
 72 
 1330732986.133530
 74 
 1330732986.179932
 75 
 1330732986.229048
 76 
 1330732986.283997
 77 
 1330732986.358871
 78 
 1330732986.403211
 79 
 1330732986.547773
 82 
 1330732986.579746
 83 
 1330732986.645406
 84 
 1330732986.699883
 85 
 1330732986.729026
 86 
 1330732986.816949
 87 
 1330732986.916861
 89 
 1330732986.961766
 90 
 1330732986.977110
 91 
 1330732987.050712
 92 
 1330732987.083473
 93 
 1330732987.163476
 94 
 1330732987.191313
 95 
 1330732987.250184
 96 
 1330732987.304501
 97 
 1330732987.348235
 98 
 1330732987.389170
 99 
 1330732987.506884
 101 
 1330732987.528360
 102 
 1330732987.610289
 103 
 1330732987.661887
 104 
 1330732987.716132
 105 
 1330732987.763089
 106 
 1330732987.803652
 107 
 1330732987.833531
 108 
 1330732987.912529
 109 
 1330732987.952937
 110 
 1330732988.002123
 111 
 1330732988.054970
 112 
 1330732988.129944
 114 
 1330732988.185918
 115 
 1330732988.247420
 116 
 1330732988.288148
 117 
 1330732988.355718
 118 
 1330732988.464715
 120 
 1330732988.490399
 121 
 1330732988.544339
 122 
 1330732988.590766
 123 
 1330732988.660275
 124 
 1330732988.703999
 125 
 1330732988.746227
 126 
 1330732988.805434
 127 
 1330732988.893564
 129 
 1330732988.990857
 131 
 1330732989.051317
 132 
 1330732989.106180
 133 
 1330732989.156578
 134 
 1330732989.213787
 135 
 1330732989.298249
 137 
 1330732989.337365
 138 
 1330732989.404412
 139 
 1330732989.431431
 140 
 1330732989.500032
 141 
 1330732989.553635
 142 
 1330732989.608016
 143 
 1330732989.640159
 144 
 1330732989.716338
 145 
 1330732989.760059
 146 
 1330732989.784470
 147 
 1330732989.865310
 148 
 1330732989.907560
 149 
 1330732989.931806
 150 
 1330732989.992321
 151 
 1330732990.064693
 152 
 1330732990.111443
 153 
 1330732990.158717
 154 
 1330732990.188856
 155 
 1330732990.263345
 156 
 1330732990.296888
 157 
 1330732990.333454
 158 
 1330732990.411546
 159 
 1330732990.445507
 160 
 1330732990.496799
 161 
 1330732990.534172
 162 
 1330732990.606071
 163 
 1330732990.651081
 164 
 1330732990.710488
 165 
 1330732990.796904
 167 
 1330732990.832475
 168 
 1330732990.963301
 170 
 1330732991.010449
 171 
 1330732991.046805
 172 
 1330732991.092723
 173 
 1330732991.151320
 174 
 1330732991.183008
 175 
 1330732991.231271
 176 
 1330732991.291511
 177 
 1330732991.340264
 178 
 1330732991.394056
 179 
 1330732991.450322
 180 
 1330732991.503296
 181 
 1330732991.612270
 183 
 1330732991.647685
 184 
 1330732991.699258
 185 
 1330732991.760151
 186 
 1330732991.786712
 187 
 1330732991.856121
 188 
 1330732991.962856
 190 
 1330732991.993381
 191 
 1330732992.058281
 192 
 1330732992.161589
 194 
 1330732992.178909
 195 
 1330732992.266421
 196 
 1330732992.285377
 197 
 1330732992.361569
 198 
 1330732992.380924
 199 
 1330732992.439023
 200 
 1330732992.509319
 201 
 1330732992.528999
 202 
 1330732992.595251
 203 
 1330732992.681716
 205 
 1330732992.750087
 206 
 1330732992.800748
 207 
 1330732992.839118
 208 
 1330732992.896014
 209 
 1330732993.001703
 211 
 1330732993.036291
 212 
 1330732993.079752
 213 
 1330732993.163887
 214 
 1330732993.196214
 215 
 1330732993.260019
 216 
 1330732993.291233
 217 
 1330732993.340718
 218 
 1330732993.403319
 219 
 1330732993.437240
 220 
 1330732993.539272
 222 
 1330732993.584868
 223 
 1330732993.631329
 224 
 1330732993.708250
 225 
 1330732993.734954
 226 
 1330732993.789569
 227 
 1330732993.898268
 229 
 1330732993.949152
 230 
 1330732993.992152
 231 
 1330732994.039160
 232 
 1330732994.087364
 233 
 1330732994.204392
 235 
 1330732994.254857
 236 
 1330732994.302781
 237 
 1330732994.401697
 239 
 1330732994.447720
 240 
 1330732994.491436
 241 
 1330732994.559029
 242 
 1330732994.583054
 243 
 1330732994.629477
 244 
 1330732994.684451
 245 
 1330732994.754965
 246 
 1330732994.776979
 247 
 1330732994.839161
 248 
 1330732994.903165
 249 
 1330732994.934185
 250 
 1330732995.003634
 251 
 1330732995.053078
 252 
 1330732995.112350
 253 
 1330732995.133223
 254 
 1330732995.210111
 255 
 1330732995.263109
 256 
 1330732995.292720
 257 
 1330732995.361713
 258 
 1330732995.406500
 259 
 1330732995.436263
 260 
 1330732995.499005
 261 
 1330732995.546721
 262 
 1330732995.614503
 263 
 1330732995.659509
 264 
 1330732995.703230
 265 
 1330732995.764384
 266 
 1330732995.811913
 267 
 1330732995.907999
 269 
 1330732995.937457
 270 
 1330732995.995763
 271 
 1330732996.111893
 273 
 1330732996.143440
 274 
 1330732996.200820
 275 
 1330732996.248483
 276 
 1330732996.300103
 277 
 1330732996.354978
 278 
 1330732996.410246
 279 
 1330732996.431441
 280 
 1330732996.559517
 282 
 1330732996.602437
 283 
 1330732996.632691
 284 
 1330732996.686823
 285 
 1330732996.727645
 286 
 1330732996.799889
 287 
 1330732996.850247
 288 
 1330732996.896033
 289 
 1330732996.929285
 290 
 1330732997.002576
 291 
 1330732997.035860
 292 
 1330732997.102153
 293 
 1330732997.156449
 294 
 1330732997.194479
 295 
 1330732997.265050
 296 
 1330732997.312906
 297 
 1330732997.340278
 298 
 1330732997.385703
 299 
 1330732997.464941
 300 
 1330732997.512311
 301 
 1330732997.534284
 302 
 1330732997.608146
 303 
 1330732997.663141
 304 
 1330732997.707403
 305 
 1330732997.740211
 306 
 1330732997.799370
 307 
 1330732997.851816
 308 
 1330732997.896056
 309 
 1330732997.953095
 310 
 1330732997.985361
 311 
 1330732998.061562
 312 
 1330732998.091878
 313 
 1330732998.152802
 314 
 1330732998.204002
 315 
 1330732998.229287
 316 
 1330732998.299482
 317 
 1330732998.327691
 318 
 1330732998.377298
 319 
 1330732998.450998
 320 
 1330732998.512435
 321 
 1330732998.533859
 322 
 1330732998.596439
 323 
 1330732998.652499
 324 
 1330732998.683147
 325 
 1330732998.762231
 326 
 1330732998.845976
 328 
 1330732998.914805
 329 
 1330732998.961562
 330 
 1330732999.034300
 332 
 1330732999.083623
 333 
 1330732999.151986
 334 
 1330732999.182001
 335 
 1330732999.264818
 336 
 1330732999.264929
 336 
 1330732999.265241
 336 
 1330732999.265461
 336 
 1330732999.265625
 336 
 1330732999.265789
 336 
 1330732999.265983
 336 
 1330732999.283362
 337 
 1330732999.345415
 338 
 1330732999.413549
 339 
 1330732999.451547
 340 
 1330732999.492690
 341 
 1330732999.586713
 343 
 1330732999.649586
 344 
 1330732999.759510
 346 
 1330732999.791197
 347 
 1330732999.828362
 348 
 1330732999.884972
 349 
 1330732999.954929
 350 
 1330733000.012511
 351 
 1330733000.040595
 352 
 1330733000.107616
 353 
 1330733000.154888
 354 
 1330733000.257048
 356 
 1330733000.309312
 357 
 1330733000.350581
 358 
 1330733000.380992
 359 
 1330733000.436701
 360 
 1330733000.500504
 361 
 1330733000.562534
 362 
 1330733000.579172
 363 
 1330733000.645698
 364 
 1330733000.700417
 365 
 1330733000.750318
 366 
 1330733000.809559
 367 
 1330733000.847997
 368 
 1330733000.906116
 369 
 1330733000.937501
 370 
 1330733000.998461
 371 
 1330733001.064201
 372 
 1330733001.085158
 373 
 1330733001.204145
 375 
 1330733001.244667
 376 
 1330733001.305063
 377 
 1330733001.387267
 379 
 1330733001.511046
 381 
 1330733001.539788
 382 
 1330733001.598016
 383 
 1330733001.636940
 384 
 1330733001.679867
 385 
 1330733001.798173
 387 
 1330733001.865294
 388 
 1330733001.890688
 389 
 1330733001.928689
 390 
 1330733001.977153
 391 
 1330733002.109759
 393 
 1330733002.145634
 394 
 1330733002.263892
 396 
 1330733002.280303
 397 
 1330733002.355392
 398 
 1330733002.380644
 399 
 1330733002.461639
 400 
 1330733002.495966
 401 
 1330733002.558033
 402 
 1330733002.600099
 403 
 1330733002.656686
 404 
 1330733002.680789
 405 
 1330733002.764792
 406 
 1330733002.787925
 407 
 1330733002.859362
 408 
 1330733002.906868
 409 
 1330733002.933910
 410 
 1330733003.007403
 411 
 1330733003.066184
 412 
 1330733003.090593
 413 
 1330733003.145229
 414 
 1330733003.203128
 415 
 1330733003.250988
 416 
 1330733003.332420
 418 
 1330733003.381527
 419 
 1330733003.450252
 420 
 1330733003.503666
 421 
 1330733003.539425
 422 
 1330733003.607650
 423 
 1330733003.628457
 424 
 1330733003.692906
 425 
 1330733003.789258
 427 
 1330733003.827149
 428 
 1330733003.881982
 429 
 1330733003.930300
 430 
 1330733004.008369
 431 
 1330733004.063343
 432 
 1330733004.148013
 434 
 1330733004.214050
 435 
 1330733004.242446
 436 
 1330733004.302463
 437 
 1330733004.348509
 438 
 1330733004.409856
 439 
 1330733004.463854
 440 
 1330733004.508501
 441 
 1330733004.542208
 442 
 1330733004.609241
 443 
 1330733004.656821
 444 
 1330733004.710916
 445 
 1330733004.755509
 446 
 1330733004.797575
 447 
 1330733004.847019
 448 
 1330733004.903807
 449 
 1330733004.957174
 450 
 1330733005.034780
 452 
 1330733005.110712
 453 
 1330733005.189461
 455 
 1330733005.262473
 456 
 1330733005.296121
 457 
 1330733005.334918
 458 
 1330733005.403238
 459 
 1330733005.435804
 460 
 1330733005.508074
 461 
 1330733005.532610
 462 
 1330733005.599377
 463 
 1330733005.703894
 465 
 1330733005.760233
 466 
 1330733005.807867
 467 
 1330733005.850544
 468 
 1330733005.907483
 469 
 1330733005.938298
 470 
 1330733006.012140
 471 
 1330733006.034084
 472 
 1330733006.094654
 473 
 1330733006.152898
 474 
 1330733006.189957
 475 
 1330733006.251235
 476 
 1330733006.309160
 477 
 1330733006.392707
 479 
 1330733006.450918
 480 
 1330733006.512994
 481 
 1330733006.562179
 482 
 1330733006.595352
 483 
 1330733006.638623
 484 
 1330733006.686768
 485 
 1330733006.738978
 486 
 1330733006.806904
 487 
 1330733006.846354
 488 
 1330733006.911287
 489 
 1330733006.938653
 490 
 1330733007.038485
 492 
 1330733007.102951
 493 
 1330733007.133942
 494 
 1330733007.215360
 495 
 1330733007.231446
 496 
 1330733007.348381
 498 
 1330733007.395563
 499 
timeout.
packet count: 458 
