 1330733018.251422
 0 
 1330733018.314981
 1 
 1330733018.347152
 2 
 1330733018.412695
 3 
 1330733018.463291
 4 
 1330733018.517821
 5 
 1330733018.539251
 6 
 1330733018.594763
 7 
 1330733018.662080
 8 
 1330733018.692464
 9 
 1330733018.750452
 10 
 1330733018.795947
 11 
 1330733018.869453
 12 
 1330733018.906778
 13 
 1330733018.937016
 14 
 1330733018.982005
 15 
 1330733019.036854
 16 
 1330733019.087621
 17 
 1330733019.136544
 18 
 1330733019.221319
 19 
 1330733019.251874
 20 
 1330733019.305865
 21 
 1330733019.356857
 22 
 1330733019.401095
 23 
 1330733019.502468
 25 
 1330733019.547360
 26 
 1330733019.592685
 27 
 1330733019.663657
 28 
 1330733019.684139
 29 
 1330733019.752396
 30 
 1330733019.866966
 32 
 1330733019.883914
 33 
 1330733019.949663
 34 
 1330733019.990882
 35 
 1330733020.067445
 36 
 1330733020.092013
 37 
 1330733020.146360
 38 
 1330733020.201855
 39 
 1330733020.252615
 40 
 1330733020.298857
 41 
 1330733020.368591
 42 
 1330733020.392721
 43 
 1330733020.456955
 44 
 1330733020.508900
 45 
 1330733020.548973
 46 
 1330733020.614529
 47 
 1330733020.640505
 48 
 1330733020.695364
 49 
 1330733020.769620
 50 
 1330733020.807651
 51 
 1330733020.848935
 52 
 1330733020.897290
 53 
 1330733020.958725
 54 
 1330733021.000653
 55 
 1330733021.069395
 56 
 1330733021.087257
 57 
 1330733021.157002
 58 
 1330733021.206137
 59 
 1330733021.262799
 60 
 1330733021.299237
 61 
 1330733021.338872
 62 
 1330733021.403614
 63 
 1330733021.438135
 64 
 1330733021.485476
 65 
 1330733021.551170
 66 
 1330733021.620737
 67 
 1330733021.658723
 68 
 1330733021.711343
 69 
 1330733021.743115
 70 
 1330733021.804755
 71 
 1330733021.837442
 72 
 1330733021.886370
 73 
 1330733021.937910
 74 
 1330733021.984331
 75 
 1330733022.033473
 76 
 1330733022.088395
 77 
 1330733022.163273
 78 
 1330733022.207612
 79 
 1330733022.256924
 80 
 1330733022.285104
 81 
 1330733022.352156
 82 
 1330733022.384151
 83 
 1330733022.449803
 84 
 1330733022.504289
 85 
 1330733022.533432
 86 
 1330733022.621360
 87 
 1330733022.666947
 88 
 1330733022.721268
 89 
 1330733022.766186
 90 
 1330733022.781512
 91 
 1330733022.855112
 92 
 1330733022.887880
 93 
 1330733022.967878
 94 
 1330733022.995710
 95 
 1330733023.054537
 96 
 1330733023.108859
 97 
 1330733023.152576
 98 
 1330733023.193511
 99 
 1330733023.254423
 100 
 1330733023.311267
 101 
 1330733023.332761
 102 
 1330733023.414692
 103 
 1330733023.466281
 104 
 1330733023.520533
 105 
 1330733023.567485
 106 
 1330733023.608046
 107 
 1330733023.637984
 108 
 1330733023.716946
 109 
 1330733023.757357
 110 
 1330733023.806572
 111 
 1330733023.859412
 112 
 1330733023.934355
 114 
 1330733023.990329
 115 
 1330733024.051816
 116 
 1330733024.092570
 117 
 1330733024.160147
 118 
 1330733024.269163
 120 
 1330733024.294797
 121 
 1330733024.348802
 122 
 1330733024.395191
 123 
 1330733024.464717
 124 
 1330733024.508451
 125 
 1330733024.550658
 126 
 1330733024.609877
 127 
 1330733024.656217
 128 
 1330733024.697905
 129 
 1330733024.758358
 130 
 1330733024.795264
 131 
 1330733024.855738
 132 
 1330733024.910616
 133 
 1330733024.960961
 134 
 1330733025.018210
 135 
 1330733025.102705
 137 
 1330733025.141798
 138 
 1330733025.208880
 139 
 1330733025.235890
 140 
 1330733025.304481
 141 
 1330733025.358051
 142 
 1330733025.412381
 143 
 1330733025.444592
 144 
 1330733025.520750
 145 
 1330733025.564446
 146 
 1330733025.588882
 147 
 1330733025.669695
 148 
 1330733025.711946
 149 
 1330733025.736188
 150 
 1330733025.796704
 151 
 1330733025.869068
 152 
 1330733025.915820
 153 
 1330733025.963099
 154 
 1330733025.993235
 155 
 1330733026.067747
 156 
 1330733026.101279
 157 
 1330733026.137902
 158 
 1330733026.215932
 159 
 1330733026.249887
 160 
 1330733026.301187
 161 
 1330733026.338559
 162 
 1330733026.410443
 163 
 1330733026.455496
 164 
 1330733026.514883
 165 
 1330733026.538473
 166 
 1330733026.601285
 167 
 1330733026.636877
 168 
 1330733026.694341
 169 
 1330733026.767681
 170 
 1330733026.814823
 171 
 1330733026.851189
 172 
 1330733026.897110
 173 
 1330733026.955697
 174 
 1330733026.987392
 175 
 1330733027.035664
 176 
 1330733027.095892
 177 
 1330733027.144597
 178 
 1330733027.198431
 179 
 1330733027.254684
 180 
 1330733027.307689
 181 
 1330733027.416669
 183 
 1330733027.452049
 184 
 1330733027.503648
 185 
 1330733027.564542
 186 
 1330733027.591114
 187 
 1330733027.660518
 188 
 1330733027.720741
 189 
 1330733027.767260
 190 
 1330733027.797777
 191 
 1330733027.862684
 192 
 1330733027.893090
 193 
 1330733027.965967
 194 
 1330733027.983306
 195 
 1330733028.070804
 196 
 1330733028.070874
 196 
 1330733028.070952
 196 
 1330733028.071044
 196 
 1330733028.071127
 196 
 1330733028.071345
 196 
 1330733028.071427
 196 
 1330733028.071589
 196 
 1330733028.071665
 196 
 1330733028.071859
 196 
 1330733028.072109
 196 
 1330733028.072197
 196 
 1330733028.072284
 196 
 1330733028.072361
 196 
 1330733028.089773
 197 
 1330733028.165956
 198 
 1330733028.166009
 198 
 1330733028.166238
 198 
 1330733028.166315
 198 
 1330733028.166478
 198 
 1330733028.166667
 198 
 1330733028.166714
 198 
 1330733028.166909
 198 
 1330733028.166982
 198 
 1330733028.185323
 199 
 1330733028.243413
 200 
 1330733028.313720
 201 
 1330733028.333400
 202 
 1330733028.399656
 203 
 1330733028.459032
 204 
 1330733028.554494
 206 
 1330733028.605150
 207 
 1330733028.643517
 208 
 1330733028.643585
 208 
 1330733028.643764
 208 
 1330733028.700413
 209 
 1330733028.755734
 210 
 1330733028.806107
 211 
 1330733028.884157
 213 
 1330733028.884226
 213 
 1330733028.884407
 213 
 1330733028.884570
 213 
 1330733028.884645
 213 
 1330733028.884716
 213 
 1330733028.884903
 213 
 1330733028.884975
 213 
 1330733028.885108
 213 
 1330733028.885245
 213 
 1330733028.885378
 213 
 1330733028.885460
 213 
 1330733028.885544
 213 
 1330733028.885617
 213 
 1330733028.885699
 213 
 1330733028.885778
 213 
 1330733028.885864
 213 
 1330733028.885956
 213 
 1330733028.886034
 213 
 1330733028.886111
 213 
 1330733028.886203
 213 
 1330733028.886286
 213 
 1330733028.886357
 213 
 1330733028.886467
 213 
 1330733028.886551
 213 
 1330733028.886622
 213 
 1330733028.886711
 213 
 1330733028.886787
 213 
 1330733028.886879
 213 
 1330733028.968286
 214 
 1330733029.000611
 215 
 1330733029.064423
 216 
 1330733029.145110
 218 
 1330733029.207708
 219 
 1330733029.241648
 220 
 1330733029.241697
 220 
 1330733029.241929
 220 
 1330733029.242129
 220 
 1330733029.242327
 220 
 1330733029.242546
 220 
 1330733029.242743
 220 
 1330733029.243011
 220 
 1330733029.243175
 220 
 1330733029.243283
 220 
 1330733029.243423
 220 
 1330733029.243533
 220 
 1330733029.243640
 220 
 1330733029.243759
 220 
 1330733029.243889
 220 
 1330733029.244004
 220 
 1330733029.244123
 220 
 1330733029.244239
 220 
 1330733029.244360
 220 
 1330733029.244487
 220 
 1330733029.244603
 220 
 1330733029.244732
 220 
 1330733029.244847
 220 
 1330733029.244967
 220 
 1330733029.245080
 220 
 1330733029.245193
 220 
 1330733029.245310
 220 
 1330733029.245429
 220 
 1330733029.245533
 220 
 1330733029.245647
 220 
 1330733029.245765
 220 
 1330733029.245893
 220 
 1330733029.246026
 220 
 1330733029.246141
 220 
 1330733029.246263
 220 
 1330733029.246384
 220 
 1330733029.246496
 220 
 1330733029.246603
 220 
 1330733029.246728
 220 
 1330733029.246847
 220 
 1330733029.246971
 220 
 1330733029.247098
 220 
 1330733029.247212
 220 
 1330733029.247335
 220 
 1330733029.247468
 220 
 1330733029.247580
 220 
 1330733029.247699
 220 
 1330733029.247816
 220 
 1330733029.247954
 220 
 1330733029.248068
 220 
 1330733029.248182
 220 
 1330733029.248288
 220 
 1330733029.306381
 221 
 1330733029.343673
 222 
 1330733029.389262
 223 
 1330733029.435731
 224 
 1330733029.512681
 225 
 1330733029.539358
 226 
 1330733029.593975
 227 
 1330733029.640582
 228 
 1330733029.702665
 229 
 1330733029.753559
 230 
 1330733029.796548
 231 
 1330733029.843562
 232 
 1330733029.891760
 233 
 1330733029.953441
 234 
 1330733030.008794
 235 
 1330733030.059260
 236 
 1330733030.107179
 237 
 1330733030.152659
 238 
 1330733030.206082
 239 
 1330733030.252083
 240 
 1330733030.295854
 241 
 1330733030.363423
 242 
 1330733030.387454
 243 
 1330733030.433883
 244 
 1330733030.488861
 245 
 1330733030.559358
 246 
 1330733030.581383
 247 
 1330733030.643552
 248 
 1330733030.707569
 249 
 1330733030.738587
 250 
 1330733030.808037
 251 
 1330733030.857476
 252 
 1330733030.916745
 253 
 1330733030.937624
 254 
 1330733031.067527
 256 
 1330733031.097120
 257 
 1330733031.166106
 258 
 1330733031.210898
 259 
 1330733031.240661
 260 
 1330733031.303405
 261 
 1330733031.351121
 262 
 1330733031.418911
 263 
 1330733031.463905
 264 
 1330733031.507629
 265 
 1330733031.568776
 266 
 1330733031.616313
 267 
 1330733031.656851
 268 
 1330733031.712360
 269 
 1330733031.741849
 270 
 1330733031.800164
 271 
 1330733031.863163
 272 
 1330733031.916261
 273 
 1330733032.005227
 275 
 1330733032.052881
 276 
 1330733032.104498
 277 
 1330733032.159378
 278 
 1330733032.214644
 279 
 1330733032.301764
 281 
 1330733032.363918
 282 
 1330733032.406857
 283 
 1330733032.437095
 284 
 1330733032.491221
 285 
 1330733032.604307
 287 
 1330733032.654650
 288 
 1330733032.700436
 289 
 1330733032.733683
 290 
 1330733032.806976
 291 
 1330733032.840244
 292 
 1330733032.906551
 293 
 1330733032.960859
 294 
 1330733032.998887
 295 
 1330733033.069447
 296 
 1330733033.117303
 297 
 1330733033.144678
 298 
 1330733033.190105
 299 
 1330733033.269337
 300 
 1330733033.316711
 301 
 1330733033.338685
 302 
 1330733033.412553
 303 
 1330733033.467532
 304 
 1330733033.511801
 305 
 1330733033.544605
 306 
 1330733033.603772
 307 
 1330733033.656227
 308 
 1330733033.700459
 309 
 1330733033.757497
 310 
 1330733033.789763
 311 
 1330733033.865959
 312 
 1330733033.896279
 313 
 1330733033.957201
 314 
 1330733034.008400
 315 
 1330733034.033688
 316 
 1330733034.132104
 318 
 1330733034.181700
 319 
 1330733034.255400
 320 
 1330733034.316872
 321 
 1330733034.338261
 322 
 1330733034.400858
 323 
 1330733034.456900
 324 
 1330733034.487615
 325 
 1330733034.566669
 326 
 1330733034.617331
 327 
 1330733034.650368
 328 
 1330733034.719211
 329 
 1330733034.765966
 330 
 1330733034.810084
 331 
 1330733034.838701
 332 
 1330733034.956398
 334 
 1330733034.986402
 335 
 1330733035.069219
 336 
 1330733035.087765
 337 
 1330733035.149813
 338 
 1330733035.217947
 339 
 1330733035.255904
 340 
 1330733035.297084
 341 
 1330733035.348801
 342 
 1330733035.391100
 343 
 1330733035.453987
 344 
 1330733035.482720
 345 
 1330733035.563904
 346 
 1330733035.595586
 347 
 1330733035.632760
 348 
 1330733035.689372
 349 
 1330733035.759330
 350 
 1330733035.844995
 352 
 1330733035.912007
 353 
 1330733035.959285
 354 
 1330733036.017519
 355 
 1330733036.061437
 356 
 1330733036.113718
 357 
 1330733036.154977
 358 
 1330733036.185392
 359 
 1330733036.241104
 360 
 1330733036.304903
 361 
 1330733036.366924
 362 
 1330733036.383571
 363 
 1330733036.450101
 364 
 1330733036.504817
 365 
 1330733036.554724
 366 
 1330733036.613958
 367 
 1330733036.652395
 368 
 1330733036.710513
 369 
 1330733036.741900
 370 
 1330733036.802869
 371 
 1330733036.868598
 372 
 1330733036.889559
 373 
 1330733036.947376
 374 
 1330733037.008525
 375 
 1330733037.049067
 376 
 1330733037.109464
 377 
 1330733037.191669
 379 
 1330733037.231979
 380 
 1330733037.315436
 381 
 1330733037.344193
 382 
 1330733037.402409
 383 
 1330733037.441340
 384 
 1330733037.484262
 385 
 1330733037.566924
 386 
 1330733037.602574
 387 
 1330733037.669688
 388 
 1330733037.695088
 389 
 1330733037.733089
 390 
 1330733037.843049
 392 
 1330733037.914149
 393 
 1330733037.950030
 394 
 1330733037.988973
 395 
 1330733038.068276
 396 
 1330733038.084704
 397 
 1330733038.159792
 398 
 1330733038.185046
 399 
 1330733038.266068
 400 
 1330733038.300375
 401 
 1330733038.362505
 402 
 1330733038.362593
 402 
 1330733038.362818
 402 
 1330733038.362888
 402 
 1330733038.363010
 402 
 1330733038.363129
 402 
 1330733038.363245
 402 
 1330733038.363363
 402 
 1330733038.363471
 402 
 1330733038.363535
 402 
 1330733038.363619
 402 
 1330733038.363722
 402 
 1330733038.363820
 402 
 1330733038.363945
 402 
 1330733038.364049
 402 
 1330733038.364155
 402 
 1330733038.364257
 402 
 1330733038.364365
 402 
 1330733038.364465
 402 
 1330733038.364563
 402 
 1330733038.364662
 402 
 1330733038.364764
 402 
 1330733038.364882
 402 
 1330733038.364981
 402 
 1330733038.365080
 402 
 1330733038.365183
 402 
 1330733038.365284
 402 
 1330733038.365389
 402 
 1330733038.365488
 402 
 1330733038.404510
 403 
 1330733038.461087
 404 
 1330733038.569205
 406 
 1330733038.592328
 407 
 1330733038.663727
 408 
 1330733038.711219
 409 
 1330733038.738264
 410 
 1330733038.811783
 411 
 1330733038.870587
 412 
 1330733038.894995
 413 
 1330733038.949596
 414 
 1330733039.007512
 415 
 1330733039.084592
 417 
 1330733039.136817
 418 
 1330733039.185910
 419 
 1330733039.254635
 420 
 1330733039.308064
 421 
 1330733039.343852
 422 
 1330733039.412062
 423 
 1330733039.432868
 424 
 1330733039.497371
 425 
 1330733039.549455
 426 
 1330733039.593663
 427 
 1330733039.631570
 428 
 1330733039.686396
 429 
 1330733039.734705
 430 
 1330733039.812778
 431 
 1330733039.867746
 432 
 1330733039.883852
 433 
 1330733039.952416
 434 
 1330733040.018483
 435 
 1330733040.046884
 436 
 1330733040.106901
 437 
 1330733040.152922
 438 
 1330733040.214242
 439 
 1330733040.268191
 440 
 1330733040.312900
 441 
 1330733040.346611
 442 
 1330733040.461231
 444 
 1330733040.515319
 445 
 1330733040.559928
 446 
 1330733040.601980
 447 
 1330733040.651441
 448 
 1330733040.708209
 449 
 1330733040.761583
 450 
 1330733040.786889
 451 
 1330733040.839176
 452 
 1330733040.915116
 453 
 1330733040.938691
 454 
 1330733040.993863
 455 
 1330733041.066904
 456 
 1330733041.100521
 457 
 1330733041.139318
 458 
 1330733041.207642
 459 
 1330733041.240203
 460 
 1330733041.312489
 461 
 1330733041.337015
 462 
 1330733041.403771
 463 
 1330733041.466272
 464 
 1330733041.508289
 465 
 1330733041.564639
 466 
 1330733041.612273
 467 
 1330733041.654942
 468 
 1330733041.742710
 470 
 1330733041.816529
 471 
 1330733041.838500
 472 
 1330733041.899053
 473 
 1330733041.994363
 475 
 1330733042.055641
 476 
 1330733042.113561
 477 
 1330733042.147283
 478 
 1330733042.197113
 479 
 1330733042.255325
 480 
 1330733042.317394
 481 
 1330733042.366579
 482 
 1330733042.399754
 483 
 1330733042.443024
 484 
 1330733042.491175
 485 
 1330733042.543375
 486 
 1330733042.611308
 487 
 1330733042.650759
 488 
 1330733042.715703
 489 
 1330733042.743063
 490 
 1330733042.781441
 491 
 1330733042.842888
 492 
 1330733042.907350
 493 
 1330733042.938340
 494 
 1330733043.019726
 495 
 1330733043.152782
 498 
 1330733043.199970
 499 
timeout.
packet count: 605 
