1330733228.828907
 0
1330733228.857464
 1
1330733228.921049
 2
1330733228.921082
 3
1330733228.921115
 4
1330733228.921174
 4
1330733228.921212
 4
1330733228.921252
 4
1330733228.921283
 4
1330733228.921327
 4
1330733228.921363
 4
1330733228.921409
 4
1330733228.921445
 4
1330733228.921508
 4
1330733228.921552
 4
1330733228.921590
 4
1330733228.921621
 4
1330733228.921668
 4
1330733228.921705
 4
1330733228.921742
 4
1330733228.921779
 4
1330733228.921815
 4
1330733228.921876
 4
1330733228.921915
 4
1330733228.921947
 4
1330733228.921967
 3
1330733228.922007
 3
1330733228.922045
 3
1330733228.922076
 3
1330733228.922118
 3
1330733228.922151
 3
1330733228.922189
 3
1330733228.922210
 2
1330733228.953193
 2
1330733228.953220
 3
1330733228.953267
 3
1330733228.953321
 3
1330733228.953358
 3
1330733228.953394
 3
1330733228.953432
 3
1330733228.953462
 3
1330733228.953505
 3
1330733228.953541
 3
1330733228.953584
 3
1330733228.953623
 3
1330733228.953654
 3
1330733228.953700
 3
1330733228.953738
 3
1330733228.953773
 3
1330733228.953813
 3
1330733228.953867
 3
1330733228.953904
 3
1330733228.953938
 3
1330733228.953969
 3
1330733228.954013
 3
1330733228.954046
 3
1330733228.954076
 3
1330733228.954118
 3
1330733228.954175
 3
1330733228.954215
 3
1330733228.954252
 3
1330733228.954283
 3
1330733228.954326
 3
1330733228.954359
 3
1330733228.954390
 3
1330733228.954433
 3
1330733228.954471
 3
1330733228.954502
 3
1330733228.954545
 3
1330733228.954583
 3
1330733228.954620
 3
1330733228.954654
 3
1330733228.954685
 3
1330733228.954733
 3
1330733228.954772
 3
1330733228.954803
 3
1330733228.954863
 3
1330733228.954902
 3
1330733228.954934
 3
1330733228.954977
 3
1330733228.955015
 3
1330733228.955061
 3
1330733228.955099
 3
1330733228.955129
 3
1330733228.955171
 3
1330733228.955205
 3
1330733228.955235
 3
1330733228.955279
 3
1330733228.955318
 3
1330733228.955349
 3
1330733228.955392
 3
1330733228.955431
 3
1330733228.955459
 3
1330733228.955494
 3
1330733228.955523
 3
1330733228.955558
 3
1330733228.955586
 3
1330733228.955621
 3
1330733228.955649
 3
1330733228.955684
 3
1330733228.955713
 3
1330733228.955748
 3
1330733228.955776
 3
1330733228.955812
 3
1330733228.955855
 3
1330733228.955892
 3
1330733228.955920
 3
1330733228.955950
 3
1330733228.955977
 3
1330733228.956005
 3
1330733228.956040
 3
1330733228.956068
 3
1330733228.956099
 3
1330733228.956127
 3
1330733228.956145
 2
1330733229.018759
 2
1330733229.018788
 3
1330733229.018815
 4
1330733229.018862
 4
1330733229.018899
 4
1330733229.018917
 4
1330733229.018963
 5
1330733229.018995
 6
1330733229.019019
 7
1330733229.019049
 7
1330733229.019077
 7
1330733229.019105
 7
1330733229.019133
 7
1330733229.019161
 7
1330733229.019190
 7
1330733229.019218
 7
1330733229.019246
 7
1330733229.019284
 7
1330733229.019312
 7
1330733229.019340
 7
1330733229.019372
 7
1330733229.019400
 7
1330733229.019418
 6
1330733229.019450
 6
1330733229.019478
 6
1330733229.019513
 6
1330733229.019551
 6
1330733229.019590
 6
1330733229.019618
 6
1330733229.019652
 6
1330733229.019680
 6
1330733229.019711
 6
1330733229.019738
 6
1330733229.019773
 6
1330733229.019803
 6
1330733229.019848
 6
1330733229.019877
 6
1330733229.019912
 6
1330733229.019941
 6
1330733229.019972
 6
1330733229.019999
 6
1330733229.020028
 6
1330733229.020062
 6
1330733229.020089
 6
1330733229.020120
 6
1330733229.020147
 6
1330733229.020176
 6
1330733229.020210
 6
1330733229.020238
 6
1330733229.020274
 6
1330733229.020302
 6
1330733229.020332
 6
1330733229.020360
 6
1330733229.020396
 6
1330733229.020430
 6
1330733229.020464
 6
1330733229.020494
 6
1330733229.020529
 6
1330733229.020557
 6
1330733229.020588
 6
1330733229.020615
 6
1330733229.020643
 6
1330733229.020677
 6
1330733229.020705
 6
1330733229.020740
 6
1330733229.020769
 6
1330733229.020800
 6
1330733229.020838
 6
1330733229.020859
 5
1330733229.020893
 5
1330733229.020921
 5
1330733229.020949
 5
1330733229.020982
 5
1330733229.021010
 5
1330733229.021043
 5
1330733229.021072
 5
1330733229.021107
 5
1330733229.021134
 5
1330733229.021165
 5
1330733229.021193
 5
1330733229.021227
 5
1330733229.021270
 5
1330733229.021298
 5
1330733229.021333
 5
1330733229.021361
 5
1330733229.021396
 5
1330733229.021424
 5
1330733229.021455
 5
1330733229.021483
 5
1330733229.021517
 5
1330733229.021547
 5
1330733229.021582
 5
1330733229.021610
 5
1330733229.021645
 5
1330733229.021672
 5
1330733229.021703
 5
1330733229.021720
 4
1330733229.021750
 4
1330733229.021779
 4
1330733229.021814
 4
1330733229.021852
 4
1330733229.021887
 4
1330733229.021915
 4
1330733229.021946
 4
1330733229.021974
 4
1330733229.022009
 4
1330733229.022037
 4
1330733229.022056
 3
1330733229.022087
 3
1330733229.022114
 3
1330733229.022145
 3
1330733229.022172
 3
1330733229.022200
 3
1330733229.022234
 3
1330733229.022252
 2
1330733229.069368
 2
1330733229.069395
 3
1330733229.069420
 4
1330733229.069452
 4
1330733229.069481
 4
1330733229.069499
 3
1330733229.069531
 3
1330733229.069558
 3
1330733229.069594
 3
1330733229.069612
 2
1330733229.123894
 2
1330733229.123921
 3
1330733229.123946
 4
1330733229.123976
 4
1330733229.124005
 4
1330733229.124037
 4
1330733229.124066
 4
1330733229.124096
 4
1330733229.124125
 4
1330733229.124162
 4
1330733229.124200
 4
1330733229.124231
 4
1330733229.124266
 4
1330733229.124294
 4
1330733229.124326
 4
1330733229.124354
 4
1330733229.124389
 4
1330733229.124418
 4
1330733229.124448
 4
1330733229.124476
 4
1330733229.124504
 4
1330733229.124538
 4
1330733229.124567
 4
1330733229.124598
 4
1330733229.124626
 4
1330733229.124656
 4
1330733229.124691
 4
1330733229.124719
 4
1330733229.124755
 4
1330733229.124773
 3
1330733229.124806
 3
1330733229.124842
 3
1330733229.124870
 3
1330733229.124888
 2
1330733229.145320
 2
1330733229.145344
 3
1330733229.145369
 4
1330733229.145397
 4
1330733229.145435
 4
1330733229.145465
 4
1330733229.145500
 4
1330733229.145528
 4
1330733229.145561
 4
1330733229.145590
 4
1330733229.145625
 4
1330733229.145654
 4
1330733229.145686
 4
1330733229.145716
 4
1330733229.145751
 4
1330733229.145779
 4
1330733229.145810
 4
1330733229.145852
 4
1330733229.145885
 4
1330733229.145913
 4
1330733229.145947
 4
1330733229.145975
 4
1330733229.146010
 4
1330733229.146038
 4
1330733229.146073
 4
1330733229.146102
 4
1330733229.146137
 4
1330733229.146166
 4
1330733229.146201
 4
1330733229.146230
 4
1330733229.146265
 4
1330733229.146292
 4
1330733229.146324
 4
1330733229.146352
 4
1330733229.146386
 4
1330733229.146416
 4
1330733229.146450
 4
1330733229.146478
 4
1330733229.146509
 4
1330733229.146537
 4
1330733229.146572
 4
1330733229.146602
 4
1330733229.146637
 4
1330733229.146666
 4
1330733229.146696
 4
1330733229.146725
 4
1330733229.146753
 4
1330733229.146787
 4
1330733229.146815
 4
1330733229.146860
 4
1330733229.146889
 4
1330733229.146924
 4
1330733229.146953
 4
1330733229.146988
 4
1330733229.147006
 3
1330733229.147040
 3
1330733229.147068
 3
1330733229.147099
 3
1330733229.147126
 3
1330733229.147154
 3
1330733229.147188
 3
1330733229.147215
 3
1330733229.147247
 3
1330733229.147274
 3
1330733229.147308
 3
1330733229.147336
 3
1330733229.147366
 3
1330733229.147395
 3
1330733229.147423
 3
1330733229.147456
 3
1330733229.147484
 3
1330733229.147519
 3
1330733229.147547
 3
1330733229.147577
 3
1330733229.147605
 3
1330733229.147635
 3
1330733229.147669
 3
1330733229.147696
 3
1330733229.147727
 3
1330733229.147754
 3
1330733229.147783
 3
1330733229.147817
 3
1330733229.147865
 3
1330733229.147900
 3
1330733229.147933
 3
1330733229.147963
 3
1330733229.147998
 3
1330733229.148026
 3
1330733229.148062
 3
1330733229.148080
 2
1330733229.200840
 2
1330733229.200868
 3
1330733229.200899
 3
1330733229.200933
 3
1330733229.200961
 3
1330733229.200996
 3
1330733229.201024
 3
1330733229.201056
 3
1330733229.201084
 3
1330733229.201112
 3
1330733229.201143
 3
1330733229.201171
 3
1330733229.201199
 3
1330733229.201234
 3
1330733229.201262
 3
1330733229.201295
 3
1330733229.201325
 3
1330733229.201359
 3
1330733229.201377
 2
1330733229.268371
 2
1330733229.298549
 2
1330733229.298593
 3
1330733229.298642
 3
1330733229.298696
 3
1330733229.298725
 2
1330733229.356524
 2
1330733229.356562
 3
1330733229.356628
 3
1330733229.356675
 3
1330733229.356723
 3
1330733229.356752
 2
1330733229.402012
 2
1330733229.402048
 3
1330733229.402094
 3
1330733229.402148
 3
1330733229.402197
 3
1330733229.402245
 3
1330733229.402292
 3
1330733229.402340
 3
1330733229.402387
 3
1330733229.402436
 3
1330733229.402492
 3
1330733229.402539
 3
1330733229.402586
 3
1330733229.402634
 3
1330733229.402681
 3
1330733229.402727
 3
1330733229.402775
 3
1330733229.402821
 3
1330733229.402889
 3
1330733229.402936
 3
1330733229.402985
 3
1330733229.403036
 3
1330733229.403084
 3
1330733229.403132
 3
1330733229.403179
 3
1330733229.403227
 3
1330733229.403272
 3
1330733229.403318
 3
1330733229.403362
 3
1330733229.403409
 3
1330733229.403437
 2
1330733229.475515
 2
1330733229.475554
 3
1330733229.475601
 3
1330733229.475648
 3
1330733229.475692
 3
1330733229.475739
 3
1330733229.475795
 3
1330733229.475857
 3
1330733229.475907
 3
1330733229.475953
 3
1330733229.476000
 3
1330733229.476045
 3
1330733229.476093
 3
1330733229.476138
 3
1330733229.476184
 3
1330733229.476213
 2
1330733229.512856
 2
1330733229.512893
 3
1330733229.512949
 3
1330733229.513004
 3
1330733229.513061
 3
1330733229.513116
 3
1330733229.513171
 3
1330733229.513228
 3
1330733229.513276
 3
1330733229.513324
 3
1330733229.513371
 3
1330733229.513418
 3
1330733229.513470
 3
1330733229.513517
 3
1330733229.513564
 3
1330733229.513616
 3
1330733229.513663
 3
1330733229.513692
 2
1330733229.543094
 2
1330733229.543132
 3
1330733229.543179
 3
1330733229.543227
 3
1330733229.543275
 3
1330733229.543322
 3
1330733229.543368
 3
1330733229.543416
 3
1330733229.543472
 3
1330733229.543528
 3
1330733229.543584
 3
1330733229.543637
 3
1330733229.543690
 3
1330733229.543742
 3
1330733229.543789
 3
1330733229.543848
 3
1330733229.543900
 3
1330733229.543953
 3
1330733229.544004
 3
1330733229.544057
 3
1330733229.544109
 3
1330733229.544162
 3
1330733229.544213
 3
1330733229.544266
 3
1330733229.544318
 3
1330733229.544370
 3
1330733229.544399
 2
1330733229.588083
 2
1330733229.588122
 3
1330733229.588170
 3
1330733229.588218
 3
1330733229.588263
 3
1330733229.588311
 3
1330733229.588367
 3
1330733229.588424
 3
1330733229.588481
 3
1330733229.588527
 3
1330733229.588574
 3
1330733229.588618
 3
1330733229.588647
 2
1330733229.642914
 2
1330733229.642952
 3
1330733229.642999
 3
1330733229.643053
 3
1330733229.643098
 3
1330733229.643146
 3
1330733229.643192
 3
1330733229.643240
 3
1330733229.643288
 3
1330733229.643337
 3
1330733229.643392
 3
1330733229.643448
 3
1330733229.643500
 3
1330733229.643552
 3
1330733229.643604
 3
1330733229.643657
 3
1330733229.643708
 3
1330733229.643760
 3
1330733229.643807
 3
1330733229.643872
 3
1330733229.643919
 3
1330733229.643967
 3
1330733229.644019
 3
1330733229.644067
 3
1330733229.644115
 3
1330733229.644166
 3
1330733229.644218
 3
1330733229.644266
 3
1330733229.644314
 3
1330733229.644365
 3
1330733229.644412
 3
1330733229.644458
 3
1330733229.644505
 3
1330733229.644553
 3
1330733229.644605
 3
1330733229.644652
 3
1330733229.644700
 3
1330733229.644751
 3
1330733229.644798
 3
1330733229.644843
 2
1330733229.693692
 2
1330733229.693729
 3
1330733229.693758
 2
1330733229.742616
 2
1330733229.742656
 3
1330733229.742705
 3
1330733229.742753
 3
1330733229.742801
 3
1330733229.742871
 3
1330733229.742917
 3
1330733229.742965
 3
1330733229.743011
 3
1330733229.743059
 3
1330733229.743087
 2
1330733229.827417
 2
1330733229.827468
 3
1330733229.827517
 3
1330733229.827569
 3
1330733229.827615
 3
1330733229.827664
 3
1330733229.827712
 3
1330733229.827761
 3
1330733229.827817
 3
1330733229.827885
 3
1330733229.827934
 3
1330733229.827981
 3
1330733229.828029
 3
1330733229.828078
 3
1330733229.828125
 3
1330733229.828172
 3
1330733229.828220
 3
1330733229.828265
 3
1330733229.828311
 3
1330733229.828363
 3
1330733229.828411
 3
1330733229.828459
 3
1330733229.828510
 3
1330733229.828562
 3
1330733229.828615
 3
1330733229.828662
 3
1330733229.828692
 2
1330733229.857944
 2
1330733229.857984
 3
1330733229.858031
 3
1330733229.858079
 3
1330733229.858125
 3
1330733229.858182
 3
1330733229.858227
 3
1330733229.858274
 3
1330733229.858322
 3
1330733229.858370
 3
1330733229.858419
 3
1330733229.858467
 3
1330733229.858513
 3
1330733229.858561
 3
1330733229.858608
 3
1330733229.858654
 3
1330733229.858700
 3
1330733229.858746
 3
1330733229.858797
 3
1330733229.858860
 3
1330733229.858908
 3
1330733229.858954
 3
1330733229.859003
 3
1330733229.859054
 3
1330733229.859102
 3
1330733229.859131
 2
1330733229.911932
 2
1330733229.911971
 3
1330733229.912019
 3
1330733229.912069
 3
1330733229.912097
 2
1330733229.962920
 2
1330733229.962956
 3
1330733229.962992
 4
1330733229.963038
 4
1330733229.963083
 4
1330733229.963129
 4
1330733229.963178
 4
1330733229.963225
 4
1330733229.963273
 4
1330733229.963320
 4
1330733229.963368
 4
1330733229.963424
 4
1330733229.963479
 4
1330733229.963527
 4
1330733229.963576
 4
1330733229.963628
 4
1330733229.963675
 4
1330733229.963723
 4
1330733229.963775
 4
1330733229.963822
 4
1330733229.963888
 4
1330733229.963917
 3
1330733229.963940
 2
1330733230.007169
 2
1330733230.007206
 3
1330733230.007252
 3
1330733230.007309
 3
1330733230.007356
 3
1330733230.007403
 3
1330733230.007450
 3
1330733230.007498
 3
1330733230.007546
 3
1330733230.007595
 3
1330733230.007641
 3
1330733230.007689
 3
1330733230.007735
 3
1330733230.007783
 3
1330733230.007850
 3
1330733230.007899
 3
1330733230.007951
 3
1330733230.008003
 3
1330733230.008055
 3
1330733230.008102
 3
1330733230.008148
 3
1330733230.008195
 3
1330733230.008243
 3
1330733230.008290
 3
1330733230.008338
 3
1330733230.008390
 3
1330733230.008443
 3
1330733230.008494
 3
1330733230.008547
 3
1330733230.008594
 3
1330733230.008642
 3
1330733230.008694
 3
1330733230.008746
 3
1330733230.008794
 3
1330733230.008853
 3
1330733230.008900
 3
1330733230.008946
 3
1330733230.008996
 3
1330733230.009024
 2
1330733230.049105
 1
1330733230.108503
 2
1330733230.108528
 2
1330733230.108574
 3
1330733230.108633
 3
1330733230.108691
 3
1330733230.108738
 3
1330733230.108767
 2
1330733230.153459
 2
1330733230.153507
 3
1330733230.153557
 3
1330733230.153609
 3
1330733230.153655
 3
1330733230.153704
 3
1330733230.153761
 3
1330733230.153809
 3
1330733230.153875
 3
1330733230.153923
 3
1330733230.153972
 3
1330733230.154020
 3
1330733230.154068
 3
1330733230.154098
 2
1330733230.198760
 2
1330733230.198800
 3
1330733230.198862
 3
1330733230.198915
 3
1330733230.198962
 3
1330733230.199010
 3
1330733230.199057
 3
1330733230.199105
 3
1330733230.199152
 3
1330733230.199201
 3
1330733230.199257
 3
1330733230.199313
 3
1330733230.199366
 3
1330733230.199418
 3
1330733230.199470
 3
1330733230.199518
 3
1330733230.199566
 3
1330733230.199618
 3
1330733230.199670
 3
1330733230.199718
 3
1330733230.199766
 3
1330733230.199818
 3
1330733230.199886
 3
1330733230.199938
 3
1330733230.199986
 3
1330733230.200015
 2
1330733230.269745
 2
1330733230.269788
 3
1330733230.269853
 3
1330733230.269900
 3
1330733230.269948
 3
1330733230.269993
 3
1330733230.270041
 3
1330733230.270069
 2
1330733230.290214
 2
1330733230.290252
 3
1330733230.290298
 3
1330733230.290347
 3
1330733230.290393
 3
1330733230.290440
 3
1330733230.290487
 3
1330733230.290537
 3
1330733230.290580
 3
1330733230.290627
 3
1330733230.290675
 3
1330733230.290721
 3
1330733230.290768
 3
1330733230.290814
 3
1330733230.290883
 3
1330733230.290928
 3
1330733230.290975
 3
1330733230.291021
 3
1330733230.291070
 3
1330733230.291121
 3
1330733230.291168
 3
1330733230.291214
 3
1330733230.291259
 3
1330733230.291306
 3
1330733230.291352
 3
1330733230.291400
 3
1330733230.291452
 3
1330733230.291505
 3
1330733230.291558
 3
1330733230.291605
 3
1330733230.291653
 3
1330733230.291704
 3
1330733230.291752
 3
1330733230.291799
 3
1330733230.291866
 3
1330733230.291919
 3
1330733230.291967
 3
1330733230.292016
 3
1330733230.292063
 3
1330733230.292092
 2
1330733230.358465
 2
1330733230.358504
 3
1330733230.358552
 3
1330733230.358600
 3
1330733230.358647
 3
1330733230.358694
 3
1330733230.358741
 3
1330733230.358790
 3
1330733230.358819
 2
1330733230.395119
 2
1330733230.395159
 3
1330733230.395225
 3
1330733230.395253
 2
1330733230.473038
 2
1330733230.473077
 3
1330733230.473126
 3
1330733230.473176
 3
1330733230.473223
 3
1330733230.473271
 3
1330733230.473300
 2
1330733230.489966
 1
1330733230.555732
 2
1330733230.555755
 2
1330733230.555801
 3
1330733230.555862
 3
1330733230.555911
 3
1330733230.555957
 3
1330733230.556005
 3
1330733230.556050
 3
1330733230.556097
 3
1330733230.556143
 3
1330733230.556190
 3
1330733230.556238
 3
1330733230.556287
 3
1330733230.556333
 3
1330733230.556379
 3
1330733230.556424
 3
1330733230.556453
 2
1330733230.596958
 2
1330733230.596998
 3
1330733230.597058
 3
1330733230.597116
 3
1330733230.597173
 3
1330733230.597221
 3
1330733230.597269
 3
1330733230.597316
 3
1330733230.597365
 3
1330733230.597413
 3
1330733230.597460
 3
1330733230.597506
 3
1330733230.597553
 3
1330733230.597605
 3
1330733230.597634
 2
1330733230.673512
 2
1330733230.673551
 3
1330733230.673599
 3
1330733230.673649
 3
1330733230.673694
 3
1330733230.673743
 3
1330733230.673790
 3
1330733230.673852
 3
1330733230.673901
 3
1330733230.673951
 3
1330733230.673997
 3
1330733230.674046
 3
1330733230.674092
 3
1330733230.674139
 3
1330733230.674186
 3
1330733230.674234
 3
1330733230.674286
 3
1330733230.674334
 3
1330733230.674382
 3
1330733230.674429
 3
1330733230.674477
 3
1330733230.674525
 3
1330733230.674573
 3
1330733230.674625
 3
1330733230.674677
 3
1330733230.674725
 3
1330733230.674773
 3
1330733230.674825
 3
1330733230.674895
 3
1330733230.674942
 3
1330733230.674991
 3
1330733230.675038
 3
1330733230.675084
 3
1330733230.675130
 3
1330733230.675159
 2
1330733230.698082
 2
1330733230.698117
 3
1330733230.698164
 3
1330733230.698213
 3
1330733230.698258
 3
1330733230.698306
 3
1330733230.698352
 3
1330733230.698401
 3
1330733230.698448
 3
1330733230.698498
 3
1330733230.698545
 3
1330733230.698592
 3
1330733230.698639
 3
1330733230.698686
 3
1330733230.698733
 3
1330733230.698781
 3
1330733230.698845
 3
1330733230.698894
 3
1330733230.698940
 3
1330733230.698988
 3
1330733230.699035
 3
1330733230.699083
 3
1330733230.699130
 3
1330733230.699178
 3
1330733230.699231
 3
1330733230.699278
 3
1330733230.699326
 3
1330733230.699373
 3
1330733230.699421
 3
1330733230.699468
 3
1330733230.699516
 3
1330733230.699564
 3
1330733230.699611
 3
1330733230.699658
 3
1330733230.699706
 3
1330733230.699758
 3
1330733230.699806
 3
1330733230.699870
 3
1330733230.699922
 3
1330733230.699975
 3
1330733230.700026
 3
1330733230.700079
 3
1330733230.700126
 3
1330733230.700174
 3
1330733230.700221
 3
1330733230.700269
 3
1330733230.700322
 3
1330733230.700369
 3
1330733230.700418
 3
1330733230.700465
 3
1330733230.700513
 3
1330733230.700560
 3
1330733230.700609
 3
1330733230.700655
 3
1330733230.700704
 3
1330733230.700751
 3
1330733230.700779
 2
1330733230.752432
 2
1330733230.752469
 3
1330733230.752515
 3
1330733230.752543
 2
1330733230.807929
 2
1330733230.807969
 3
1330733230.808017
 3
1330733230.808066
 3
1330733230.808114
 3
1330733230.808163
 3
1330733230.808210
 3
1330733230.808259
 3
1330733230.808316
 3
1330733230.808373
 3
1330733230.808430
 3
1330733230.808483
 3
1330733230.808534
 3
1330733230.808587
 3
1330733230.808635
 3
1330733230.808684
 3
1330733230.808731
 3
1330733230.808779
 3
1330733230.808844
 3
1330733230.808892
 3
1330733230.808937
 3
1330733230.808984
 3
1330733230.809031
 3
1330733230.809079
 3
1330733230.809131
 3
1330733230.809180
 3
1330733230.809227
 3
1330733230.809274
 3
1330733230.809322
 3
1330733230.809369
 3
1330733230.809418
 3
1330733230.809464
 3
1330733230.809513
 3
1330733230.809542
 2
1330733230.858688
 2
1330733230.858726
 3
1330733230.858775
 3
1330733230.858825
 3
1330733230.858888
 3
1330733230.858936
 3
1330733230.858982
 3
1330733230.859030
 3
1330733230.859076
 3
1330733230.859124
 3
1330733230.859153
 2
1330733230.904928
 2
1330733230.904952
 2
1330733230.905001
 3
1330733230.905050
 3
1330733230.905098
 3
1330733230.905144
 3
1330733230.905192
 3
1330733230.905237
 3
1330733230.905285
 3
1330733230.905314
 2
1330733230.974659
 2
1330733230.974697
 3
1330733230.974741
 2
1330733230.998788
 2
1330733230.998824
 3
1330733230.998885
 3
1330733230.998923
 4
1330733230.998969
 4
1330733230.999016
 4
1330733230.999065
 4
1330733230.999113
 4
1330733230.999162
 4
1330733230.999209
 4
1330733230.999257
 4
1330733230.999301
 4
1330733230.999349
 4
1330733230.999396
 4
1330733230.999444
 4
1330733230.999491
 4
1330733230.999538
 4
1330733230.999583
 4
1330733230.999629
 4
1330733230.999675
 4
1330733230.999720
 4
1330733230.999748
 3
1330733230.999789
 3
1330733230.999850
 3
1330733230.999900
 3
1330733230.999947
 3
1330733230.999995
 3
1330733231.000042
 3
1330733231.000088
 3
1330733231.000133
 3
1330733231.000180
 3
1330733231.000226
 3
1330733231.000272
 3
1330733231.000300
 2
1330733231.063023
 2
1330733231.063062
 3
1330733231.063109
 3
1330733231.063161
 3
1330733231.063209
 3
1330733231.063237
 2
1330733231.114970
 2
1330733231.115018
 3
1330733231.115070
 3
1330733231.115118
 3
1330733231.115146
 2
1330733231.155021
 2
1330733231.155057
 3
1330733231.155103
 3
1330733231.155156
 3
1330733231.155203
 3
1330733231.155276
 3
1330733231.155321
 3
1330733231.155370
 3
1330733231.155417
 3
1330733231.155465
 3
1330733231.155494
 2
1330733231.220596
 2
1330733231.220636
 3
1330733231.220683
 3
1330733231.220733
 3
1330733231.220779
 3
1330733231.220842
 3
1330733231.220891
 3
1330733231.220941
 3
1330733231.220989
 3
1330733231.221038
 3
1330733231.221086
 3
1330733231.221134
 3
1330733231.221182
 3
1330733231.221231
 3
1330733231.221277
 3
1330733231.221324
 3
1330733231.221370
 3
1330733231.221419
 3
1330733231.221471
 3
1330733231.221524
 3
1330733231.221575
 3
1330733231.221628
 3
1330733231.221675
 3
1330733231.221724
 3
1330733231.221752
 2
1330733231.246579
 2
1330733231.246616
 3
1330733231.246662
 3
1330733231.246709
 3
1330733231.246756
 3
1330733231.246804
 3
1330733231.246880
 3
1330733231.246929
 3
1330733231.246957
 2
1330733231.301440
 2
1330733231.301479
 3
1330733231.301527
 3
1330733231.301576
 3
1330733231.301622
 3
1330733231.301670
 3
1330733231.301717
 3
1330733231.301765
 3
1330733231.301811
 3
1330733231.301878
 3
1330733231.301924
 3
1330733231.301972
 3
1330733231.302019
 3
1330733231.302068
 3
1330733231.302115
 3
1330733231.302163
 3
1330733231.302215
 3
1330733231.302263
 3
1330733231.302312
 3
1330733231.302341
 2
1330733231.375685
 2
1330733231.375723
 3
1330733231.375752
 2
1330733231.413716
 2
1330733231.413754
 3
1330733231.413801
 3
1330733231.413864
 3
1330733231.413911
 3
1330733231.413960
 3
1330733231.414007
 3
1330733231.414055
 3
1330733231.414102
 3
1330733231.414150
 3
1330733231.414196
 3
1330733231.414245
 3
1330733231.414292
 3
1330733231.414340
 3
1330733231.414384
 3
1330733231.414429
 3
1330733231.414478
 3
1330733231.414530
 3
1330733231.414559
 2
1330733231.454999
 2
1330733231.455035
 3
1330733231.455063
 2
1330733231.455104
 3
1330733231.455150
 3
1330733231.455198
 3
1330733231.455243
 3
1330733231.455291
 3
1330733231.455336
 3
1330733231.455383
 3
1330733231.455429
 3
1330733231.455476
 3
1330733231.455524
 3
1330733231.455572
 3
1330733231.455624
 3
1330733231.455673
 3
1330733231.455721
 3
1330733231.455768
 3
1330733231.455816
 3
1330733231.455877
 3
1330733231.455925
 3
1330733231.455971
 3
1330733231.456017
 3
1330733231.456062
 3
1330733231.456109
 3
1330733231.456154
 3
1330733231.456200
 3
1330733231.456247
 3
1330733231.456295
 3
1330733231.456347
 3
1330733231.456400
 3
1330733231.456452
 3
1330733231.456499
 3
1330733231.456547
 3
1330733231.456594
 3
1330733231.456642
 3
1330733231.456671
 2
1330733231.503359
 2
1330733231.503398
 3
1330733231.503445
 3
1330733231.503497
 3
1330733231.503544
 3
1330733231.503591
 3
1330733231.503638
 3
1330733231.503687
 3
1330733231.503734
 3
1330733231.503782
 3
1330733231.503844
 3
1330733231.503897
 3
1330733231.503944
 3
1330733231.503993
 3
1330733231.504039
 3
1330733231.504087
 3
1330733231.504134
 3
1330733231.504183
 3
1330733231.504235
 3
1330733231.504288
 3
1330733231.504336
 3
1330733231.504384
 3
1330733231.504431
 3
1330733231.504479
 3
1330733231.504526
 3
1330733231.504580
 3
1330733231.504626
 3
1330733231.504673
 3
1330733231.504720
 3
1330733231.504768
 3
1330733231.504820
 3
1330733231.504890
 3
1330733231.504942
 3
1330733231.504989
 3
1330733231.505038
 3
1330733231.505085
 3
1330733231.505134
 3
1330733231.505186
 3
1330733231.505234
 3
1330733231.505283
 3
1330733231.505329
 3
1330733231.505377
 3
1330733231.505424
 3
1330733231.505472
 3
1330733231.505519
 3
1330733231.505567
 3
1330733231.505614
 3
1330733231.505663
 3
1330733231.505711
 3
1330733231.505759
 3
1330733231.505810
 3
1330733231.505875
 3
1330733231.505923
 3
1330733231.505970
 3
1330733231.506018
 3
1330733231.506070
 3
1330733231.506117
 3
1330733231.506166
 3
1330733231.506213
 3
1330733231.506261
 3
1330733231.506313
 3
1330733231.506360
 3
1330733231.506409
 3
1330733231.506457
 3
1330733231.506505
 3
1330733231.506551
 3
1330733231.506598
 3
1330733231.506644
 3
1330733231.506690
 3
1330733231.506734
 3
1330733231.506782
 3
1330733231.506844
 3
1330733231.506893
 3
1330733231.506939
 3
1330733231.506985
 3
1330733231.507031
 3
1330733231.507078
 3
1330733231.507124
 3
1330733231.507170
 3
1330733231.507215
 3
1330733231.507261
 3
1330733231.507306
 3
1330733231.507353
 3
1330733231.507399
 3
1330733231.507445
 3
1330733231.507491
 3
1330733231.507537
 3
1330733231.507582
 3
1330733231.507629
 3
1330733231.507674
 3
1330733231.507721
 3
1330733231.507766
 3
1330733231.507813
 3
1330733231.507883
 3
1330733231.507931
 3
1330733231.507980
 3
1330733231.508009
 2
1330733231.564792
 2
1330733231.564852
 3
1330733231.564899
 3
1330733231.564954
 3
1330733231.565011
 3
1330733231.565065
 3
1330733231.565120
 3
1330733231.565175
 3
1330733231.565229
 3
1330733231.565280
 3
1330733231.565330
 3
1330733231.565382
 3
1330733231.565433
 3
1330733231.565479
 3
1330733231.565522
 3
1330733231.565567
 3
1330733231.565618
 3
1330733231.565666
 3
1330733231.565714
 3
1330733231.565766
 3
1330733231.565818
 3
1330733231.565890
 3
1330733231.565942
 3
1330733231.565995
 3
1330733231.566047
 3
1330733231.566099
 3
1330733231.566146
 3
1330733231.566194
 3
1330733231.566246
 3
1330733231.566298
 3
1330733231.566327
 2
1330733231.606724
 2
1330733231.606764
 3
1330733231.606813
 3
1330733231.606885
 3
1330733231.606932
 3
1330733231.606981
 3
1330733231.607026
 3
1330733231.607083
 3
1330733231.607139
 3
1330733231.607187
 3
1330733231.607235
 3
1330733231.607283
 3
1330733231.607331
 3
1330733231.607379
 3
1330733231.607428
 3
1330733231.607475
 3
1330733231.607503
 2
1330733231.675435
 2
1330733231.675473
 3
1330733231.675519
 3
1330733231.675567
 3
1330733231.675613
 3
1330733231.675686
 3
1330733231.675733
 3
1330733231.675781
 3
1330733231.675842
 3
1330733231.675896
 3
1330733231.675943
 3
1330733231.675992
 3
1330733231.676021
 2
1330733231.693321
 2
1330733231.693382
 3
1330733231.693428
 3
1330733231.693475
 3
1330733231.693520
 3
1330733231.693569
 3
1330733231.693625
 3
1330733231.693673
 3
1330733231.693721
 3
1330733231.693767
 3
1330733231.693814
 3
1330733231.693879
 3
1330733231.693928
 3
1330733231.693976
 3
1330733231.694025
 3
1330733231.694076
 3
1330733231.694129
 3
1330733231.694176
 3
1330733231.694225
 3
1330733231.694272
 3
1330733231.694320
 3
1330733231.694372
 3
1330733231.694420
 3
1330733231.694468
 3
1330733231.694519
 3
1330733231.694572
 3
1330733231.694620
 3
1330733231.694668
 3
1330733231.694720
 3
1330733231.694768
 3
1330733231.694816
 3
1330733231.694878
 3
1330733231.694927
 3
1330733231.694974
 3
1330733231.695022
 3
1330733231.695068
 3
1330733231.695114
 3
1330733231.695142
 2
1330733231.763065
 2
1330733231.763103
 3
1330733231.763149
 3
1330733231.763204
 3
1330733231.763251
 3
1330733231.763299
 3
1330733231.763345
 3
1330733231.763394
 3
1330733231.763423
 2
1330733231.812207
 2
1330733231.812246
 3
1330733231.812294
 3
1330733231.812344
 3
1330733231.812390
 3
1330733231.812437
 3
1330733231.812482
 3
1330733231.812530
 3
1330733231.812577
 3
1330733231.812626
 3
1330733231.812673
 3
1330733231.812721
 3
1330733231.812767
 3
1330733231.812816
 3
1330733231.812877
 3
1330733231.812941
 3
1330733231.812987
 3
1330733231.813035
 3
1330733231.813081
 3
1330733231.813129
 3
1330733231.813182
 3
1330733231.813235
 3
1330733231.813287
 3
1330733231.813340
 3
1330733231.813392
 3
1330733231.813445
 3
1330733231.813492
 3
1330733231.813541
 3
1330733231.813592
 3
1330733231.813621
 2
1330733231.868867
 2
1330733231.868906
 3
1330733231.868963
 3
1330733231.869010
 3
1330733231.869039
 2
1330733231.905297
 2
1330733231.905333
 3
1330733231.905378
 3
1330733231.905432
 3
1330733231.905478
 3
1330733231.905525
 3
1330733231.905572
 3
1330733231.905620
 3
1330733231.905668
 3
1330733231.905718
 3
1330733231.905764
 3
1330733231.905812
 3
1330733231.905874
 3
1330733231.905923
 3
1330733231.905970
 3
1330733231.906015
 3
1330733231.906062
 3
1330733231.906110
 3
1330733231.906162
 3
1330733231.906214
 3
1330733231.906267
 3
1330733231.906319
 3
1330733231.906348
 2
1330733231.944924
 2
1330733231.944962
 3
1330733231.944992
 2
1330733232.009685
 2
1330733232.009725
 3
1330733232.009782
 3
1330733232.009844
 3
1330733232.009873
 2
1330733232.044208
 2
1330733232.044248
 3
1330733232.044297
 3
1330733232.044346
 3
1330733232.044392
 3
1330733232.044440
 3
1330733232.044486
 3
1330733232.044534
 3
1330733232.044581
 3
1330733232.044630
 3
1330733232.044678
 3
1330733232.044727
 3
1330733232.044756
 2
1330733232.091544
 2
1330733232.091580
 3
1330733232.091628
 3
1330733232.091676
 3
1330733232.091722
 3
1330733232.091770
 3
1330733232.091817
 3
1330733232.091886
 3
1330733232.091934
 3
1330733232.091983
 3
1330733232.092029
 3
1330733232.092077
 3
1330733232.092105
 2
1330733232.157241
 2
1330733232.157281
 3
1330733232.157329
 3
1330733232.157379
 3
1330733232.157408
 2
1330733232.226814
 2
1330733232.226873
 3
1330733232.226920
 3
1330733232.226970
 3
1330733232.227017
 3
1330733232.227066
 3
1330733232.227113
 3
1330733232.227161
 3
1330733232.227207
 3
1330733232.227255
 3
1330733232.227301
 3
1330733232.227349
 3
1330733232.227396
 3
1330733232.227444
 3
1330733232.227487
 3
1330733232.227522
 4
1330733232.227555
 5
1330733232.227591
 6
1330733232.227635
 6
1330733232.227681
 6
1330733232.227725
 6
1330733232.227771
 6
1330733232.227800
 5
1330733232.227862
 5
1330733232.227911
 5
1330733232.227964
 5
1330733232.228017
 5
1330733232.228046
 4
1330733232.228088
 4
1330733232.228133
 4
1330733232.228179
 4
1330733232.228225
 4
1330733232.228295
 4
1330733232.228342
 4
1330733232.228371
 3
1330733232.228408
 3
1330733232.228453
 3
1330733232.228501
 3
1330733232.228547
 3
1330733232.228595
 3
1330733232.228647
 3
1330733232.228700
 3
1330733232.228748
 3
1330733232.228796
 3
1330733232.228862
 3
1330733232.228911
 3
1330733232.228962
 3
1330733232.229009
 3
1330733232.229058
 3
1330733232.229087
 2
1330733232.264777
 1
1330733232.317424
 2
1330733232.317466
 3
1330733232.317523
 3
1330733232.317570
 3
1330733232.317619
 3
1330733232.317666
 3
1330733232.317714
 3
1330733232.317761
 3
1330733232.317810
 3
1330733232.317899
 3
1330733232.317953
 3
1330733232.317982
 2
1330733232.349190
 2
1330733232.349228
 3
1330733232.349277
 3
1330733232.349326
 3
1330733232.349373
 3
1330733232.349445
 3
1330733232.349491
 3
1330733232.349540
 3
1330733232.349588
 3
1330733232.349636
 3
1330733232.349682
 3
1330733232.349730
 3
1330733232.349775
 3
1330733232.349822
 3
1330733232.349884
 3
1330733232.349912
 2
1330733232.410814
 2
1330733232.410877
 3
1330733232.410927
 3
1330733232.410978
 3
1330733232.411025
 3
1330733232.411073
 3
1330733232.411119
 3
1330733232.411167
 3
1330733232.411224
 3
1330733232.411281
 3
1330733232.411338
 3
1330733232.411391
 3
1330733232.411420
 2
1330733232.443494
 1
1330733232.492444
 2
1330733232.492484
 3
1330733232.492531
 3
1330733232.492580
 3
1330733232.492625
 3
1330733232.492673
 3
1330733232.492720
 3
1330733232.492767
 3
1330733232.492813
 3
1330733232.492886
 3
1330733232.492943
 3
1330733232.492991
 3
1330733232.493039
 3
1330733232.493086
 3
1330733232.493134
 3
1330733232.493186
 3
1330733232.493233
 3
1330733232.493282
 3
1330733232.493333
 3
1330733232.493381
 3
1330733232.493496
 3
1330733232.493526
 2
1330733232.543996
 2
1330733232.544036
 3
1330733232.544085
 3
1330733232.544134
 3
1330733232.544181
 3
1330733232.544229
 3
1330733232.544276
 3
1330733232.544324
 3
1330733232.544370
 3
1330733232.544418
 3
1330733232.544465
 3
1330733232.544513
 3
1330733232.544560
 3
1330733232.544608
 3
1330733232.544655
 3
1330733232.544704
 3
1330733232.544755
 3
1330733232.544808
 3
1330733232.544883
 3
1330733232.544930
 3
1330733232.544979
 3
1330733232.545031
 3
1330733232.545084
 3
1330733232.545137
 3
1330733232.545185
 3
1330733232.545233
 3
1330733232.545284
 3
1330733232.545336
 3
1330733232.545383
 3
1330733232.545432
 3
1330733232.545482
 3
1330733232.545535
 3
1330733232.545583
 3
1330733232.545631
 3
1330733232.545683
 3
1330733232.545730
 3
1330733232.545779
 3
1330733232.545844
 3
1330733232.545893
 3
1330733232.545945
 3
1330733232.545997
 3
1330733232.546044
 3
1330733232.546092
 3
1330733232.546139
 3
1330733232.546188
 3
1330733232.546239
 3
1330733232.546292
 3
1330733232.546338
 3
1330733232.546385
 3
1330733232.546430
 3
1330733232.546459
 2
1330733232.590400
 2
1330733232.590422
 2
1330733232.590468
 3
1330733232.590515
 3
1330733232.590563
 3
1330733232.590608
 3
1330733232.590656
 3
1330733232.590704
 3
1330733232.590752
 3
1330733232.590799
 3
1330733232.590868
 3
1330733232.590915
 3
1330733232.590964
 3
1330733232.591015
 3
1330733232.591063
 3
1330733232.591112
 3
1330733232.591159
 3
1330733232.591208
 3
1330733232.591260
 3
1330733232.591308
 3
1330733232.591357
 3
1330733232.591408
 3
1330733232.591455
 3
1330733232.591501
 3
1330733232.591547
 3
1330733232.591594
 3
1330733232.591622
 2
1330733232.639526
 2
1330733232.639565
 3
1330733232.639612
 3
1330733232.639660
 3
1330733232.639705
 3
1330733232.639753
 3
1330733232.639782
 2
1330733232.694505
 2
1330733232.694556
 3
1330733232.694611
 3
1330733232.694668
 3
1330733232.694721
 3
1330733232.694776
 3
1330733232.694825
 3
1330733232.694896
 3
1330733232.694944
 3
1330733232.694973
 2
1330733232.769354
 2
1330733232.769401
 3
1330733232.769455
 3
1330733232.769504
 3
1330733232.769552
 3
1330733232.769600
 3
1330733232.769648
 3
1330733232.769695
 3
1330733232.769742
 3
1330733232.769799
 3
1330733232.769860
 3
1330733232.769935
 3
1330733232.769980
 3
1330733232.770025
 3
1330733232.770071
 3
1330733232.770119
 3
1330733232.770167
 3
1330733232.770218
 3
1330733232.770270
 3
1330733232.770322
 3
1330733232.770374
 3
1330733232.770427
 3
1330733232.770480
 3
1330733232.770527
 3
1330733232.770573
 3
1330733232.770619
 3
1330733232.770668
 3
1330733232.770719
 3
1330733232.770766
 3
1330733232.770815
 3
1330733232.770911
 3
1330733232.770959
 3
1330733232.771007
 3
1330733232.771059
 3
1330733232.771113
 3
1330733232.771166
 3
1330733232.771219
 3
1330733232.771272
 3
1330733232.771324
 3
1330733232.771372
 3
1330733232.771420
 3
1330733232.771468
 3
1330733232.771516
 3
1330733232.771568
 3
1330733232.771615
 3
1330733232.771663
 3
1330733232.771692
 2
1330733232.813689
 2
1330733232.813729
 3
1330733232.813777
 3
1330733232.813841
 3
1330733232.813897
 3
1330733232.813946
 3
1330733232.813996
 3
1330733232.814051
 3
1330733232.814108
 3
1330733232.814155
 3
1330733232.814202
 3
1330733232.814254
 3
1330733232.814307
 3
1330733232.814354
 3
1330733232.814402
 3
1330733232.814454
 3
1330733232.814507
 3
1330733232.814560
 3
1330733232.814613
 3
1330733232.814665
 3
1330733232.814718
 3
1330733232.814770
 3
1330733232.814822
 3
1330733232.814884
 3
1330733232.814932
 3
1330733232.814984
 3
1330733232.815037
 3
1330733232.815085
 3
1330733232.815133
 3
1330733232.815161
 2
1330733232.863002
 2
1330733232.863042
 3
1330733232.863091
 3
1330733232.863141
 3
1330733232.863188
 3
1330733232.863216
 2
1330733232.891155
 2
1330733232.891194
 3
1330733232.891240
 3
1330733232.891287
 3
1330733232.891334
 3
1330733232.891381
 3
1330733232.891429
 3
1330733232.891478
 3
1330733232.891525
 3
1330733232.891572
 3
1330733232.891617
 3
1330733232.891665
 3
1330733232.891711
 3
1330733232.891759
 3
1330733232.891806
 3
1330733232.891871
 3
1330733232.891899
 2
1330733232.958230
 2
1330733232.958267
 3
1330733232.958313
 3
1330733232.958368
 3
1330733232.958417
 3
1330733232.958465
 3
1330733232.958511
 3
1330733232.958558
 3
1330733232.958613
 3
1330733232.958642
 2
1330733232.990247
 2
1330733232.990294
 3
1330733232.990352
 3
1330733232.990411
 3
1330733232.990440
 2
1330733233.055901
 2
1330733233.055945
 3
1330733233.055993
 3
1330733233.056041
 3
1330733233.056087
 3
1330733233.056135
 3
1330733233.056192
 3
1330733233.056250
 3
1330733233.056307
 3
1330733233.056364
 3
1330733233.056416
 3
1330733233.056469
 3
1330733233.056521
 3
1330733233.056573
 3
1330733233.056624
 3
1330733233.056672
 3
1330733233.056721
 3
1330733233.056773
 3
1330733233.056825
 3
1330733233.056884
 3
1330733233.056935
 3
1330733233.056987
 3
1330733233.057040
 3
1330733233.057091
 3
1330733233.057144
 3
1330733233.057192
 3
1330733233.057239
 3
1330733233.057292
 3
1330733233.057344
 3
1330733233.057397
 3
1330733233.057449
 3
1330733233.057526
 3
1330733233.057577
 3
1330733233.057629
 3
1330733233.057681
 3
1330733233.057734
 3
1330733233.057786
 3
1330733233.057854
 3
1330733233.057903
 3
1330733233.057955
 3
1330733233.058007
 3
1330733233.058059
 3
1330733233.058111
 3
1330733233.058158
 3
1330733233.058205
 3
1330733233.058257
 3
1330733233.058309
 3
1330733233.058362
 3
1330733233.058414
 3
1330733233.058467
 3
1330733233.058520
 3
1330733233.058572
 3
1330733233.058624
 3
1330733233.058676
 3
1330733233.058728
 3
1330733233.058776
 3
1330733233.058824
 3
1330733233.058893
 3
1330733233.058944
 3
1330733233.058973
 2
1330733233.110376
 2
1330733233.110422
 3
1330733233.110479
 3
1330733233.110528
 3
1330733233.110577
 3
1330733233.110625
 3
1330733233.110674
 3
1330733233.110731
 3
1330733233.110787
 3
1330733233.110857
 3
1330733233.110907
 3
1330733233.110959
 3
1330733233.111007
 3
1330733233.111055
 3
1330733233.111084
 2
1330733233.139501
 2
1330733233.139540
 3
1330733233.139569
 2
1330733233.227443
 2
1330733233.227489
 3
1330733233.227548
 3
1330733233.227597
 3
1330733233.227647
 3
1330733233.227694
 3
1330733233.227744
 3
1330733233.227792
 3
1330733233.227854
 3
1330733233.227911
 3
1330733233.227941
 2
1330733233.273040
 2
1330733233.273087
 3
1330733233.273139
 3
1330733233.273222
 3
1330733233.273278
 3
1330733233.273335
 3
1330733233.273392
 3
1330733233.273448
 3
1330733233.273498
 3
1330733233.273547
 3
1330733233.273597
 3
1330733233.273648
 3
1330733233.273697
 3
1330733233.273746
 3
1330733233.273796
 3
1330733233.273866
 3
1330733233.273915
 3
1330733233.273965
 3
1330733233.274014
 3
1330733233.274066
 3
1330733233.274116
 3
1330733233.274165
 3
1330733233.274215
 3
1330733233.274265
 3
1330733233.274315
 3
1330733233.274364
 3
1330733233.274414
 3
1330733233.274463
 3
1330733233.274513
 3
1330733233.274541
 2
1330733233.327357
 2
1330733233.327405
 3
1330733233.327460
 3
1330733233.327508
 3
1330733233.327557
 3
1330733233.327605
 3
1330733233.327654
 3
1330733233.327701
 3
1330733233.327749
 3
1330733233.327797
 3
1330733233.327840
 2
1330733233.372271
 2
1330733233.372318
 3
1330733233.372373
 3
1330733233.372422
 3
1330733233.372470
 3
1330733233.372518
 3
1330733233.372565
 3
1330733233.372611
 3
1330733233.372684
 3
1330733233.372729
 3
1330733233.372777
 3
1330733233.372825
 3
1330733233.372896
 3
1330733233.372944
 3
1330733233.372991
 3
1330733233.373039
 3
1330733233.373087
 3
1330733233.373140
 3
1330733233.373192
 3
1330733233.373245
 3
1330733233.373292
 3
1330733233.373340
 3
1330733233.373393
 3
1330733233.373446
 3
1330733233.373498
 3
1330733233.373547
 3
1330733233.373595
 3
1330733233.373647
 3
1330733233.373699
 3
1330733233.373752
 3
1330733233.373799
 3
1330733233.373866
 3
1330733233.373913
 3
1330733233.373962
 3
1330733233.374013
 3
1330733233.374061
 3
1330733233.374109
 3
1330733233.374156
 3
1330733233.374204
 3
1330733233.374256
 3
1330733233.374308
 3
1330733233.374361
 3
1330733233.374408
 3
1330733233.374457
 3
1330733233.374504
 3
1330733233.374552
 3
1330733233.374600
 3
1330733233.374648
 3
1330733233.374695
 3
1330733233.374743
 3
1330733233.374795
 3
1330733233.374859
 3
1330733233.374908
 3
1330733233.374955
 3
1330733233.375003
 3
1330733233.375049
 3
1330733233.375095
 3
1330733233.375141
 3
1330733233.375187
 3
1330733233.375233
 3
1330733233.375279
 3
1330733233.375306
 2
1330733233.387582
 2
1330733233.387618
 3
1330733233.387666
 3
1330733233.387716
 3
1330733233.387745
 2
1330733233.461191
 2
1330733233.461233
 3
1330733233.461283
 3
1330733233.461331
 3
1330733233.461377
 3
1330733233.461425
 3
1330733233.461472
 3
1330733233.461521
 3
1330733233.461576
 3
1330733233.461632
 3
1330733233.461688
 3
1330733233.461736
 3
1330733233.461784
 3
1330733233.461846
 3
1330733233.461896
 3
1330733233.461942
 3
1330733233.461989
 3
1330733233.462035
 3
1330733233.462084
 3
1330733233.462131
 3
1330733233.462179
 3
1330733233.462226
 3
1330733233.462272
 3
1330733233.462318
 3
1330733233.462367
 3
1330733233.462414
 3
1330733233.462463
 3
1330733233.462515
 3
1330733233.462567
 3
1330733233.462619
 3
1330733233.462672
 3
1330733233.462720
 3
1330733233.462769
 3
1330733233.462815
 3
1330733233.462880
 3
1330733233.462932
 3
1330733233.462980
 3
1330733233.463029
 3
1330733233.463080
 3
1330733233.463133
 3
1330733233.463185
 3
1330733233.463233
 3
1330733233.463280
 3
1330733233.463327
 3
1330733233.463376
 3
1330733233.463421
 3
1330733233.463468
 3
1330733233.463514
 3
1330733233.463562
 3
1330733233.463610
 3
1330733233.463657
 3
1330733233.463704
 3
1330733233.463752
 3
1330733233.463799
 3
1330733233.463843
 2
1330733233.493958
 2
1330733233.493999
 3
1330733233.494046
 3
1330733233.494099
 3
1330733233.494144
 3
1330733233.494192
 3
1330733233.494236
 3
1330733233.494284
 3
1330733233.494331
 3
1330733233.494380
 3
1330733233.494427
 3
1330733233.494477
 3
1330733233.494523
 3
1330733233.494570
 3
1330733233.494617
 3
1330733233.494665
 3
1330733233.494711
 3
1330733233.494740
 2
1330733233.573967
 2
1330733233.574015
 3
1330733233.574070
 3
1330733233.574117
 3
1330733233.574190
 3
1330733233.574238
 3
1330733233.574287
 3
1330733233.574333
 3
1330733233.574381
 3
1330733233.574426
 3
1330733233.574454
 2
1330733233.601799
 2
1330733233.601859
 3
1330733233.601906
 3
1330733233.601955
 3
1330733233.602001
 3
1330733233.602050
 3
1330733233.602097
 3
1330733233.602147
 3
1330733233.602195
 3
1330733233.602246
 3
1330733233.602275
 2
1330733233.660614
 2
1330733233.660660
 3
1330733233.660715
 3
1330733233.660762
 3
1330733233.660810
 3
1330733233.660874
 3
1330733233.660924
 3
1330733233.660970
 3
1330733233.661018
 3
1330733233.661075
 3
1330733233.661123
 3
1330733233.661172
 3
1330733233.661217
 3
1330733233.661265
 3
1330733233.661311
 3
1330733233.661360
 3
1330733233.661411
 3
1330733233.661459
 3
1330733233.661507
 3
1330733233.661553
 3
1330733233.661599
 3
1330733233.661627
 2
1330733233.714911
 2
1330733233.714947
 3
1330733233.714994
 3
1330733233.715049
 3
1330733233.715097
 3
1330733233.715144
 3
1330733233.715192
 3
1330733233.715240
 3
1330733233.715295
 3
1330733233.715343
 3
1330733233.715391
 3
1330733233.715438
 3
1330733233.715487
 3
1330733233.715534
 3
1330733233.715582
 3
1330733233.715611
 2
1330733233.758664
 2
1330733233.758706
 3
1330733233.758754
 3
1330733233.758803
 3
1330733233.758867
 3
1330733233.758915
 3
1330733233.758961
 3
1330733233.759009
 3
1330733233.759056
 3
1330733233.759104
 3
1330733233.759150
 3
1330733233.759198
 3
1330733233.759226
 2
1330733233.799603
 2
done here
