1330733138.632510
 0
1330733138.660356
 1
1330733138.723962
 2
1330733138.724023
 3
1330733138.724123
 3
1330733138.724173
 3
1330733138.724222
 3
1330733138.724290
 3
1330733138.724342
 3
1330733138.724397
 3
1330733138.724455
 3
1330733138.724507
 3
1330733138.724567
 3
1330733138.724658
 3
1330733138.724710
 3
1330733138.724774
 3
1330733138.724824
 3
1330733138.724909
 3
1330733138.724965
 3
1330733138.725020
 3
1330733138.725079
 3
1330733138.725130
 3
1330733138.725179
 3
1330733138.725236
 3
1330733138.725286
 3
1330733138.725314
 2
1330733138.756057
 2
1330733138.756127
 3
1330733138.756183
 3
1330733138.756241
 3
1330733138.756305
 3
1330733138.756359
 3
1330733138.756392
 2
1330733138.821614
 2
1330733138.821681
 3
1330733138.821741
 3
1330733138.821923
 3
1330733138.822021
 3
1330733138.822108
 3
1330733138.822211
 3
1330733138.822300
 3
1330733138.822386
 3
1330733138.822479
 3
1330733138.822569
 3
1330733138.822664
 3
1330733138.822753
 3
1330733138.822863
 3
1330733138.822958
 3
1330733138.823045
 3
1330733138.823139
 3
1330733138.823222
 3
1330733138.823299
 3
1330733138.823390
 3
1330733138.823482
 3
1330733138.823578
 3
1330733138.823669
 3
1330733138.823746
 3
1330733138.823819
 3
1330733138.823978
 3
1330733138.824069
 3
1330733138.824166
 3
1330733138.824259
 3
1330733138.824349
 3
1330733138.824454
 3
1330733138.824547
 3
1330733138.824643
 3
1330733138.824730
 3
1330733138.824807
 3
1330733138.824916
 3
1330733138.824998
 3
1330733138.825074
 3
1330733138.825154
 3
1330733138.825236
 3
1330733138.825310
 3
1330733138.825390
 3
1330733138.825466
 3
1330733138.825540
 3
1330733138.825640
 3
1330733138.825716
 3
1330733138.825790
 3
1330733138.825896
 3
1330733138.825994
 3
1330733138.826076
 3
1330733138.826151
 3
1330733138.826225
 3
1330733138.826306
 3
1330733138.826381
 3
1330733138.826455
 3
1330733138.826535
 3
1330733138.826612
 3
1330733138.826685
 3
1330733138.826764
 3
1330733138.826863
 3
1330733138.826935
 3
1330733138.827005
 3
1330733138.827075
 3
1330733138.827145
 3
1330733138.827213
 3
1330733138.827283
 3
1330733138.827352
 3
1330733138.827421
 3
1330733138.827491
 3
1330733138.827581
 3
1330733138.827675
 3
1330733138.827775
 3
1330733138.827883
 3
1330733138.827964
 3
1330733138.828044
 3
1330733138.828124
 3
1330733138.828205
 3
1330733138.828286
 3
1330733138.828368
 3
1330733138.828448
 3
1330733138.828531
 3
1330733138.828553
 2
1330733138.872326
 2
1330733138.926874
 2
1330733138.948183
 2
1330733138.948234
 3
1330733138.948292
 3
1330733138.948322
 2
1330733139.003680
 2
1330733139.003726
 3
1330733139.003782
 3
1330733139.003847
 3
1330733139.003899
 3
1330733139.003945
 3
1330733139.003994
 3
1330733139.004039
 3
1330733139.004087
 3
1330733139.004132
 3
1330733139.004181
 3
1330733139.004228
 3
1330733139.004279
 3
1330733139.004326
 3
1330733139.004374
 3
1330733139.004426
 3
1330733139.004455
 2
1330733139.070989
 2
1330733139.071035
 3
1330733139.071092
 3
1330733139.071141
 3
1330733139.071189
 3
1330733139.071245
 3
1330733139.071293
 3
1330733139.071341
 3
1330733139.071388
 3
1330733139.071437
 3
1330733139.071484
 3
1330733139.071532
 3
1330733139.071584
 3
1330733139.071632
 3
1330733139.071680
 3
1330733139.071732
 3
1330733139.071779
 3
1330733139.071841
 3
1330733139.071888
 3
1330733139.071937
 3
1330733139.071988
 3
1330733139.072036
 3
1330733139.072084
 3
1330733139.072130
 3
1330733139.072178
 3
1330733139.072225
 3
1330733139.072273
 3
1330733139.072317
 3
1330733139.072356
 4
1330733139.072401
 4
1330733139.072447
 4
1330733139.072547
 4
1330733139.072635
 4
1330733139.072667
 4
1330733139.072709
 4
1330733139.072752
 4
1330733139.072891
 4
1330733139.072979
 4
1330733139.073012
 4
1330733139.073054
 4
1330733139.073102
 4
1330733139.073151
 4
1330733139.073197
 4
1330733139.073245
 4
1330733139.073297
 4
1330733139.073326
 3
1330733139.073366
 3
1330733139.073411
 3
1330733139.073456
 3
1330733139.073504
 3
1330733139.073550
 3
1330733139.073598
 3
1330733139.073649
 3
1330733139.073696
 3
1330733139.073744
 3
1330733139.073796
 3
1330733139.073864
 3
1330733139.073916
 3
1330733139.073976
 3
1330733139.074022
 3
1330733139.074068
 3
1330733139.074113
 3
1330733139.074159
 3
1330733139.074205
 3
1330733139.074276
 3
1330733139.074322
 3
1330733139.074369
 3
1330733139.074421
 3
1330733139.074467
 3
1330733139.074514
 3
1330733139.074559
 3
1330733139.074605
 3
1330733139.074649
 3
1330733139.074677
 2
1330733139.101369
 2
1330733139.101411
 3
1330733139.101459
 3
1330733139.101509
 3
1330733139.101555
 3
1330733139.101603
 3
1330733139.101651
 3
1330733139.101700
 3
1330733139.101746
 3
1330733139.101793
 3
1330733139.101820
 2
1330733139.159367
 2
1330733139.159414
 3
1330733139.159473
 3
1330733139.159522
 3
1330733139.159571
 3
1330733139.159617
 3
1330733139.159646
 2
1330733139.204848
 2
1330733139.204889
 3
1330733139.204940
 3
1330733139.204986
 3
1330733139.205033
 3
1330733139.205061
 2
1330733139.278337
 2
1330733139.278375
 3
1330733139.278424
 3
1330733139.278453
 2
1330733139.315665
 2
1330733139.315699
 3
1330733139.315743
 3
1330733139.315796
 3
1330733139.315857
 3
1330733139.315911
 3
1330733139.315964
 3
1330733139.316019
 3
1330733139.316074
 3
1330733139.316127
 3
1330733139.316170
 3
1330733139.316207
 4
1330733139.316252
 4
1330733139.316299
 4
1330733139.316346
 4
1330733139.316393
 4
1330733139.316441
 4
1330733139.316488
 4
1330733139.316535
 4
1330733139.316582
 4
1330733139.316630
 4
1330733139.316681
 4
1330733139.316733
 4
1330733139.316780
 4
1330733139.316842
 4
1330733139.316888
 4
1330733139.316936
 4
1330733139.316985
 4
1330733139.317033
 4
1330733139.317062
 3
1330733139.317098
 3
1330733139.317142
 3
1330733139.317188
 3
1330733139.317216
 2
1330733139.345902
 2
1330733139.345938
 3
1330733139.345984
 3
1330733139.346031
 3
1330733139.346075
 3
1330733139.346123
 3
1330733139.346170
 3
1330733139.346217
 3
1330733139.346262
 3
1330733139.346310
 3
1330733139.346356
 3
1330733139.346405
 3
1330733139.346450
 3
1330733139.346496
 3
1330733139.346541
 3
1330733139.346588
 3
1330733139.346634
 3
1330733139.346682
 3
1330733139.346728
 3
1330733139.346775
 3
1330733139.346821
 3
1330733139.346885
 3
1330733139.346932
 3
1330733139.346980
 3
1330733139.347032
 3
1330733139.347079
 3
1330733139.347126
 3
1330733139.347172
 3
1330733139.347220
 3
1330733139.347266
 3
1330733139.347314
 3
1330733139.347365
 3
1330733139.347412
 3
1330733139.347459
 3
1330733139.347505
 3
1330733139.347552
 3
1330733139.347597
 3
1330733139.347645
 3
1330733139.347691
 3
1330733139.347739
 3
1330733139.347786
 3
1330733139.347847
 3
1330733139.347895
 3
1330733139.347939
 3
1330733139.347985
 3
1330733139.348030
 3
1330733139.348075
 3
1330733139.348122
 3
1330733139.348170
 3
1330733139.348216
 3
1330733139.348263
 3
1330733139.348309
 3
1330733139.348356
 3
1330733139.348404
 3
1330733139.348433
 2
1330733139.390901
 2
1330733139.390940
 3
1330733139.390987
 3
1330733139.391036
 3
1330733139.391081
 3
1330733139.391129
 3
1330733139.391176
 3
1330733139.391223
 3
1330733139.391269
 3
1330733139.391316
 3
1330733139.391362
 3
1330733139.391410
 3
1330733139.391455
 3
1330733139.391501
 3
1330733139.391546
 3
1330733139.391593
 3
1330733139.391637
 3
1330733139.391683
 3
1330733139.391734
 3
1330733139.391782
 3
1330733139.391843
 3
1330733139.391894
 3
1330733139.391941
 3
1330733139.391989
 3
1330733139.392040
 3
1330733139.392087
 3
1330733139.392136
 3
1330733139.392182
 3
1330733139.392230
 3
1330733139.392281
 3
1330733139.392333
 3
1330733139.392379
 3
1330733139.392426
 3
1330733139.392472
 3
1330733139.392501
 2
1330733139.445728
 2
1330733139.445763
 3
1330733139.445808
 3
1330733139.445875
 3
1330733139.445919
 3
1330733139.445972
 3
1330733139.446018
 3
1330733139.446066
 3
1330733139.446122
 3
1330733139.446169
 3
1330733139.446217
 3
1330733139.446262
 3
1330733139.446309
 3
1330733139.446355
 3
1330733139.446403
 3
1330733139.446449
 3
1330733139.446497
 3
1330733139.446543
 3
1330733139.446572
 2
1330733139.496513
 2
1330733139.496551
 3
1330733139.496597
 3
1330733139.496650
 3
1330733139.496696
 3
1330733139.496724
 2
1330733139.545435
 2
1330733139.545473
 3
1330733139.545535
 3
1330733139.545591
 3
1330733139.545647
 3
1330733139.545676
 2
1330733139.630247
 2
1330733139.630289
 3
1330733139.630315
 4
1330733139.630353
 4
1330733139.630391
 4
1330733139.630420
 4
1330733139.630453
 4
1330733139.630482
 4
1330733139.630517
 4
1330733139.630545
 4
1330733139.630579
 4
1330733139.630607
 4
1330733139.630638
 4
1330733139.630669
 4
1330733139.630698
 4
1330733139.630732
 4
1330733139.630761
 4
1330733139.630792
 4
1330733139.630820
 4
1330733139.630859
 4
1330733139.630894
 4
1330733139.630922
 4
1330733139.630952
 4
1330733139.630980
 4
1330733139.631008
 4
1330733139.631041
 4
1330733139.631069
 4
1330733139.631100
 4
1330733139.631128
 4
1330733139.631162
 4
1330733139.631180
 3
1330733139.631213
 3
1330733139.631241
 3
1330733139.631271
 3
1330733139.631299
 3
1330733139.631327
 3
1330733139.631360
 3
1330733139.631388
 3
1330733139.631423
 3
1330733139.631451
 3
1330733139.631482
 3
1330733139.631509
 3
1330733139.631544
 3
1330733139.631571
 3
1330733139.631600
 3
1330733139.631634
 3
1330733139.631651
 2
1330733139.660812
 2
1330733139.660871
 3
1330733139.660899
 4
1330733139.660936
 4
1330733139.660978
 4
1330733139.661006
 4
1330733139.661046
 4
1330733139.661075
 4
1330733139.661114
 4
1330733139.661142
 4
1330733139.661177
 4
1330733139.661206
 4
1330733139.661243
 4
1330733139.661272
 4
1330733139.661312
 4
1330733139.661340
 4
1330733139.661374
 4
1330733139.661392
 3
1330733139.661423
 3
1330733139.661451
 3
1330733139.661486
 3
1330733139.661513
 3
1330733139.661547
 3
1330733139.661575
 3
1330733139.661609
 3
1330733139.661637
 3
1330733139.661671
 3
1330733139.661698
 3
1330733139.661732
 3
1330733139.661759
 3
1330733139.661794
 3
1330733139.661821
 3
1330733139.661876
 3
1330733139.661903
 3
1330733139.661937
 3
1330733139.661964
 3
1330733139.661989
 4
1330733139.662017
 4
1330733139.662048
 4
1330733139.662085
 4
1330733139.662112
 4
1330733139.662147
 4
1330733139.662176
 4
1330733139.662210
 4
1330733139.662227
 3
1330733139.662258
 3
1330733139.662285
 3
1330733139.662319
 3
1330733139.662346
 3
1330733139.662380
 3
1330733139.662408
 3
1330733139.662442
 3
1330733139.662469
 3
1330733139.662504
 3
1330733139.662531
 3
1330733139.662565
 3
1330733139.662592
 3
1330733139.662609
 2
1330733139.714752
 2
1330733139.714779
 3
1330733139.714804
 4
1330733139.714848
 4
1330733139.714877
 4
1330733139.714914
 4
1330733139.714942
 4
1330733139.714978
 4
1330733139.715006
 4
1330733139.715039
 4
1330733139.715066
 4
1330733139.715094
 4
1330733139.715129
 4
1330733139.715157
 4
1330733139.715190
 4
1330733139.715219
 4
1330733139.715247
 4
1330733139.715282
 4
1330733139.715310
 4
1330733139.715346
 4
1330733139.715374
 4
1330733139.715405
 4
1330733139.715432
 4
1330733139.715463
 4
1330733139.715498
 4
1330733139.715525
 4
1330733139.715557
 4
1330733139.715585
 4
1330733139.715615
 4
1330733139.715649
 4
1330733139.715677
 4
1330733139.715708
 4
1330733139.715736
 4
1330733139.715766
 4
1330733139.715800
 4
1330733139.715837
 4
1330733139.715873
 4
1330733139.715901
 4
1330733139.715932
 4
1330733139.715950
 3
1330733139.715985
 3
1330733139.716012
 3
1330733139.716030
 2
1330733139.765741
 2
1330733139.765767
 3
1330733139.765796
 3
1330733139.765848
 3
1330733139.765877
 3
1330733139.765912
 3
1330733139.765942
 3
1330733139.765973
 3
1330733139.766010
 3
1330733139.766038
 3
1330733139.766055
 2
1330733139.809980
 2
1330733139.810004
 3
1330733139.810033
 3
1330733139.810067
 3
1330733139.810095
 3
1330733139.810124
 3
1330733139.810159
 3
1330733139.810187
 3
1330733139.810220
 3
1330733139.810247
 3
1330733139.810275
 3
1330733139.810310
 3
1330733139.810338
 3
1330733139.810370
 3
1330733139.810397
 3
1330733139.810427
 3
1330733139.810461
 3
1330733139.810489
 3
1330733139.810520
 3
1330733139.810547
 3
1330733139.810575
 3
1330733139.810608
 3
1330733139.810636
 3
1330733139.810671
 3
1330733139.810699
 3
1330733139.810729
 3
1330733139.810747
 2
1330733139.810779
 3
1330733139.810807
 3
1330733139.810847
 3
1330733139.810876
 3
1330733139.810910
 3
1330733139.810959
 3
1330733139.810987
 3
1330733139.811021
 3
1330733139.811048
 3
1330733139.811079
 3
1330733139.811106
 3
1330733139.811134
 3
1330733139.811168
 3
1330733139.811195
 3
1330733139.811228
 3
1330733139.811255
 3
1330733139.811282
 3
1330733139.811316
 3
1330733139.811344
 3
1330733139.811375
 3
1330733139.811401
 3
1330733139.811428
 3
1330733139.811462
 3
1330733139.811489
 3
1330733139.811520
 3
1330733139.811537
 2
1330733139.811564
 3
1330733139.811594
 3
1330733139.811628
 3
1330733139.811656
 3
1330733139.811674
 2
1330733139.851935
 2
1330733139.851959
 3
1330733139.851984
 4
1330733139.852013
 4
1330733139.852050
 4
1330733139.852078
 4
1330733139.852113
 4
1330733139.852141
 4
1330733139.852174
 4
1330733139.852202
 4
1330733139.852233
 4
1330733139.852268
 4
1330733139.852296
 4
1330733139.852329
 4
1330733139.852358
 4
1330733139.852387
 4
1330733139.852422
 4
1330733139.852451
 4
1330733139.852482
 4
1330733139.852509
 4
1330733139.852538
 4
1330733139.852557
 3
1330733139.852574
 2
1330733139.911304
 2
1330733139.911329
 3
1330733139.911353
 4
1330733139.911381
 4
1330733139.911410
 4
1330733139.911438
 4
1330733139.911469
 4
1330733139.911497
 4
1330733139.911525
 4
1330733139.911556
 4
1330733139.911583
 4
1330733139.911611
 4
1330733139.911646
 4
1330733139.911674
 4
1330733139.911707
 4
1330733139.911735
 4
1330733139.911763
 4
1330733139.911798
 4
1330733139.911835
 4
1330733139.911872
 4
1330733139.911901
 4
1330733139.911931
 4
1330733139.911966
 4
1330733139.911994
 4
1330733139.912029
 4
1330733139.912057
 4
1330733139.912093
 4
1330733139.912122
 4
1330733139.912157
 4
1330733139.912185
 4
1330733139.912216
 4
1330733139.912244
 4
1330733139.912273
 4
1330733139.912306
 4
1330733139.912335
 4
1330733139.912366
 4
1330733139.912394
 4
1330733139.912422
 4
1330733139.912439
 3
1330733139.912458
 2
1330733139.956249
 2
1330733139.956265
 2
1330733139.956299
 3
1330733139.956329
 3
1330733139.956366
 3
1330733139.956394
 3
1330733139.956412
 2
1330733140.001572
 2
1330733140.001597
 3
1330733140.001621
 4
1330733140.001651
 4
1330733140.001685
 4
1330733140.001716
 4
1330733140.001743
 4
1330733140.001771
 4
1330733140.001801
 4
1330733140.001837
 4
1330733140.001865
 4
1330733140.001893
 4
1330733140.001920
 4
1330733140.001938
 3
1330733140.001971
 3
1330733140.001999
 3
1330733140.002035
 3
1330733140.002062
 3
1330733140.002090
 3
1330733140.002121
 3
1330733140.002148
 3
1330733140.002175
 3
1330733140.002207
 3
1330733140.002234
 3
1330733140.002269
 3
1330733140.002296
 3
1330733140.002327
 3
1330733140.002354
 3
1330733140.002382
 3
1330733140.002416
 3
1330733140.002443
 3
1330733140.002473
 3
1330733140.002501
 3
1330733140.002530
 3
1330733140.002563
 3
1330733140.002591
 3
1330733140.002622
 3
1330733140.002649
 3
1330733140.002677
 3
1330733140.002695
 2
1330733140.072541
 2
1330733140.072564
 3
1330733140.072588
 4
1330733140.072616
 4
1330733140.072645
 4
1330733140.072676
 4
1330733140.072704
 4
1330733140.072721
 3
1330733140.072755
 3
1330733140.072784
 3
1330733140.072807
 4
1330733140.072847
 4
1330733140.072883
 4
1330733140.072910
 4
1330733140.072945
 4
1330733140.072973
 4
1330733140.073009
 4
1330733140.073036
 4
1330733140.073065
 4
1330733140.073100
 4
1330733140.073127
 4
1330733140.073158
 4
1330733140.073185
 4
1330733140.073213
 4
1330733140.073248
 4
1330733140.073276
 4
1330733140.073311
 4
1330733140.073339
 4
1330733140.073370
 4
1330733140.073397
 4
1330733140.073425
 4
1330733140.073460
 4
1330733140.073487
 4
1330733140.073518
 4
1330733140.073548
 4
1330733140.073583
 4
1330733140.073610
 4
1330733140.073647
 4
1330733140.073675
 4
1330733140.073706
 4
1330733140.073734
 4
1330733140.073762
 4
1330733140.073796
 4
1330733140.073824
 4
1330733140.073864
 4
1330733140.073894
 4
1330733140.073929
 4
1330733140.073947
 3
1330733140.073981
 3
1330733140.074008
 3
1330733140.074039
 3
1330733140.074066
 3
1330733140.074096
 3
1330733140.074130
 3
1330733140.074158
 3
1330733140.074189
 3
1330733140.074206
 2
1330733140.074232
 3
1330733140.074259
 3
1330733140.074304
 3
1330733140.074321
 2
1330733140.093023
 2
1330733140.093046
 3
1330733140.093075
 3
1330733140.093110
 3
1330733140.093138
 3
1330733140.093171
 3
1330733140.093189
 2
1330733140.161260
 1
1330733140.197925
 2
1330733140.197938
 2
1330733140.197962
 3
1330733140.197985
 4
1330733140.198015
 4
1330733140.198043
 4
1330733140.198072
 4
1330733140.198103
 4
1330733140.198132
 4
1330733140.198167
 4
1330733140.198195
 4
1330733140.198228
 4
1330733140.198256
 4
1330733140.198284
 4
1330733140.198318
 4
1330733140.198347
 4
1330733140.198365
 3
1330733140.198399
 3
1330733140.198427
 3
1330733140.198459
 3
1330733140.198486
 3
1330733140.198514
 3
1330733140.198549
 3
1330733140.198577
 3
1330733140.198612
 3
1330733140.198640
 3
1330733140.198675
 3
1330733140.198703
 3
1330733140.198734
 3
1330733140.198761
 3
1330733140.198795
 3
1330733140.198813
 2
1330733140.275853
 2
1330733140.275878
 3
1330733140.275902
 4
1330733140.275931
 4
1330733140.275960
 4
1330733140.275989
 4
1330733140.276027
 4
1330733140.276057
 4
1330733140.276089
 4
1330733140.276116
 4
1330733140.276152
 4
1330733140.276180
 4
1330733140.276214
 4
1330733140.276242
 4
1330733140.276273
 4
1330733140.276309
 4
1330733140.276337
 4
1330733140.276371
 4
1330733140.276399
 4
1330733140.276428
 4
1330733140.276462
 4
1330733140.276490
 4
1330733140.276526
 4
1330733140.276554
 4
1330733140.276585
 4
1330733140.276612
 4
1330733140.276643
 4
1330733140.276677
 4
1330733140.276706
 4
1330733140.276741
 4
1330733140.276768
 4
1330733140.276799
 4
1330733140.276836
 4
1330733140.276865
 4
1330733140.276883
 3
1330733140.276914
 3
1330733140.276941
 3
1330733140.276972
 3
1330733140.277002
 3
1330733140.277036
 3
1330733140.277064
 3
1330733140.277094
 3
1330733140.277122
 3
1330733140.277156
 3
1330733140.277183
 3
1330733140.277214
 3
1330733140.277243
 3
1330733140.277277
 3
1330733140.277305
 3
1330733140.277335
 3
1330733140.277362
 3
1330733140.277389
 3
1330733140.277423
 3
1330733140.277450
 3
1330733140.277480
 3
1330733140.277507
 3
1330733140.277535
 3
1330733140.277570
 3
1330733140.277597
 3
1330733140.277627
 3
1330733140.277654
 3
1330733140.277681
 3
1330733140.277715
 3
1330733140.277742
 3
1330733140.277774
 3
1330733140.277801
 3
1330733140.277838
 3
1330733140.277876
 3
1330733140.277904
 3
1330733140.277939
 3
1330733140.277967
 3
1330733140.278002
 3
1330733140.278030
 3
1330733140.278065
 3
1330733140.278093
 3
1330733140.278128
 3
1330733140.278156
 3
1330733140.278186
 3
1330733140.278214
 3
1330733140.278243
 3
1330733140.278278
 3
1330733140.278305
 3
1330733140.278335
 3
1330733140.278363
 3
1330733140.278391
 3
1330733140.278425
 3
1330733140.278453
 3
1330733140.278483
 3
1330733140.278511
 3
1330733140.278535
 4
1330733140.278563
 4
1330733140.278580
 3
1330733140.278611
 3
1330733140.278639
 3
1330733140.278670
 3
1330733140.278688
 2
1330733140.278714
 3
1330733140.278742
 3
1330733140.278770
 3
1330733140.278804
 3
1330733140.278841
 3
1330733140.278876
 3
1330733140.278904
 3
1330733140.278939
 3
1330733140.278967
 3
1330733140.279002
 3
1330733140.279029
 3
1330733140.279064
 3
1330733140.279092
 3
1330733140.279127
 3
1330733140.279155
 3
1330733140.279190
 3
1330733140.279217
 3
1330733140.279251
 3
1330733140.279278
 3
1330733140.279313
 3
1330733140.279342
 3
1330733140.279376
 3
1330733140.279404
 3
1330733140.279438
 3
1330733140.279466
 3
1330733140.279501
 3
1330733140.279528
 3
1330733140.279563
 3
1330733140.279592
 3
1330733140.279626
 3
1330733140.279653
 3
1330733140.279688
 3
1330733140.279716
 3
1330733140.279733
 2
1330733140.292800
 2
1330733140.292823
 3
1330733140.292865
 3
1330733140.292896
 3
1330733140.292923
 3
1330733140.292953
 3
1330733140.292980
 3
1330733140.293015
 3
1330733140.293042
 3
1330733140.293075
 3
1330733140.293093
 2
1330733140.293122
 3
1330733140.293139
 2
1330733140.358542
 2
1330733140.358566
 3
1330733140.358589
 4
1330733140.358618
 4
1330733140.358652
 4
1330733140.358679
 4
1330733140.358708
 4
1330733140.358725
 3
1330733140.358760
 3
1330733140.358788
 3
1330733140.358813
 2
1330733140.399768
 2
1330733140.399792
 3
1330733140.399817
 4
1330733140.399859
 4
1330733140.399887
 4
1330733140.399922
 4
1330733140.399949
 4
1330733140.399980
 4
1330733140.400007
 4
1330733140.400035
 4
1330733140.400067
 4
1330733140.400094
 4
1330733140.400123
 4
1330733140.400154
 4
1330733140.400181
 4
1330733140.400209
 4
1330733140.400244
 4
1330733140.400271
 4
1330733140.400308
 4
1330733140.400338
 4
1330733140.400373
 4
1330733140.400390
 3
1330733140.400424
 3
1330733140.400452
 3
1330733140.400483
 3
1330733140.400511
 3
1330733140.400539
 3
1330733140.400574
 3
1330733140.400601
 3
1330733140.400632
 3
1330733140.400668
 3
1330733140.400695
 3
1330733140.400724
 3
1330733140.400742
 2
1330733140.476326
 2
1330733140.476352
 3
1330733140.476381
 3
1330733140.476414
 3
1330733140.476441
 3
1330733140.476460
 2
1330733140.500898
 2
1330733140.500922
 3
1330733140.500951
 3
1330733140.500983
 3
1330733140.501000
 2
1330733140.501028
 3
1330733140.501056
 3
1330733140.501084
 3
1330733140.501115
 3
1330733140.501142
 3
1330733140.501170
 3
1330733140.501206
 3
1330733140.501233
 3
1330733140.501267
 3
1330733140.501295
 3
1330733140.501313
 2
1330733140.555247
 2
1330733140.555271
 3
1330733140.555295
 4
1330733140.555324
 4
1330733140.555353
 4
1330733140.555384
 4
1330733140.555415
 4
1330733140.555443
 4
1330733140.555479
 4
1330733140.555507
 4
1330733140.555541
 4
1330733140.555569
 4
1330733140.555597
 4
1330733140.555628
 4
1330733140.555657
 4
1330733140.555692
 4
1330733140.555720
 4
1330733140.555754
 4
1330733140.555782
 4
1330733140.555810
 4
1330733140.555848
 4
1330733140.555878
 4
1330733140.555906
 4
1330733140.555935
 4
1330733140.555953
 3
1330733140.555983
 3
1330733140.556010
 3
1330733140.556039
 3
1330733140.556075
 3
1330733140.556102
 3
1330733140.556133
 3
1330733140.556161
 3
1330733140.556189
 3
1330733140.556206
 2
1330733140.610733
 2
1330733140.610757
 3
1330733140.610780
 4
1330733140.610809
 4
1330733140.610857
 4
1330733140.610886
 4
1330733140.610924
 4
1330733140.610952
 4
1330733140.610981
 4
1330733140.611016
 4
1330733140.611043
 4
1330733140.611077
 4
1330733140.611105
 4
1330733140.611133
 4
1330733140.611168
 4
1330733140.611196
 4
1330733140.611229
 4
1330733140.611259
 4
1330733140.611294
 4
1330733140.611311
 3
1330733140.611345
 3
1330733140.611372
 3
1330733140.611389
 2
1330733140.661502
 2
1330733140.661526
 3
1330733140.661550
 4
1330733140.661579
 4
1330733140.661607
 4
1330733140.661643
 4
1330733140.661672
 4
1330733140.661701
 4
1330733140.661736
 4
1330733140.661764
 4
1330733140.661792
 4
1330733140.661823
 4
1330733140.661860
 4
1330733140.661891
 4
1330733140.661918
 4
1330733140.661946
 4
1330733140.661978
 4
1330733140.662006
 4
1330733140.662023
 3
1330733140.662056
 3
1330733140.662083
 3
1330733140.662101
 2
1330733140.707740
 2
1330733140.707764
 3
1330733140.707793
 3
1330733140.707847
 3
1330733140.707880
 3
1330733140.707908
 3
1330733140.707935
 3
1330733140.707971
 3
1330733140.707998
 3
1330733140.708031
 3
1330733140.708060
 3
1330733140.708096
 3
1330733140.708124
 3
1330733140.708157
 3
1330733140.708184
 3
1330733140.708219
 3
1330733140.708247
 3
1330733140.708282
 3
1330733140.708310
 3
1330733140.708345
 3
1330733140.708372
 3
1330733140.708403
 3
1330733140.708432
 3
1330733140.708466
 3
1330733140.708495
 3
1330733140.708530
 3
1330733140.708558
 3
1330733140.708589
 3
1330733140.708617
 3
1330733140.708647
 3
1330733140.708682
 3
1330733140.708710
 3
1330733140.708741
 3
1330733140.708758
 2
1330733140.708784
 3
1330733140.708812
 3
1330733140.708850
 3
1330733140.708885
 3
1330733140.708916
 3
1330733140.708951
 3
1330733140.708979
 3
1330733140.709009
 3
1330733140.709037
 3
1330733140.709068
 3
1330733140.709103
 3
1330733140.709131
 3
1330733140.709163
 3
1330733140.709191
 3
1330733140.709221
 3
1330733140.709256
 3
1330733140.709284
 3
1330733140.709315
 3
1330733140.709343
 3
1330733140.709372
 3
1330733140.709406
 3
1330733140.709433
 3
1330733140.709465
 3
1330733140.709494
 3
1330733140.709529
 3
1330733140.709574
 3
1330733140.709602
 3
1330733140.709633
 3
1330733140.709660
 3
1330733140.709690
 3
1330733140.709725
 3
1330733140.709753
 3
1330733140.709789
 3
1330733140.709816
 3
1330733140.709869
 3
1330733140.709897
 3
1330733140.709933
 3
1330733140.709960
 3
1330733140.709992
 3
1330733140.710020
 3
1330733140.710048
 3
1330733140.710082
 3
1330733140.710110
 3
1330733140.710145
 3
1330733140.710174
 3
1330733140.710209
 3
1330733140.710237
 3
1330733140.710268
 3
1330733140.710295
 3
1330733140.710331
 3
1330733140.710359
 3
1330733140.710387
 3
1330733140.710421
 3
1330733140.710449
 3
1330733140.710480
 3
1330733140.710508
 3
1330733140.710537
 3
1330733140.710573
 3
1330733140.710601
 3
1330733140.710632
 3
1330733140.710662
 3
1330733140.710698
 3
1330733140.710726
 3
1330733140.710756
 3
1330733140.710785
 3
1330733140.710813
 3
1330733140.710856
 3
1330733140.710883
 3
1330733140.710914
 3
1330733140.710942
 3
1330733140.710973
 3
1330733140.711008
 3
1330733140.711037
 3
1330733140.711071
 3
1330733140.711100
 3
1330733140.711130
 3
1330733140.711159
 3
1330733140.711193
 3
1330733140.711221
 3
1330733140.711250
 3
1330733140.711284
 3
1330733140.711312
 3
1330733140.711343
 3
1330733140.711371
 3
1330733140.711400
 3
1330733140.711433
 3
1330733140.711461
 3
1330733140.711492
 3
1330733140.711527
 3
1330733140.711562
 3
1330733140.711590
 3
1330733140.711618
 3
1330733140.711653
 3
1330733140.711681
 3
1330733140.711716
 3
1330733140.711744
 3
1330733140.711762
 2
1330733140.777464
 2
1330733140.777488
 3
1330733140.777516
 3
1330733140.777552
 3
1330733140.777579
 3
1330733140.777607
 3
1330733140.777643
 3
1330733140.777671
 3
1330733140.777705
 3
1330733140.777732
 3
1330733140.777760
 3
1330733140.777795
 3
1330733140.777823
 3
1330733140.777870
 3
1330733140.777907
 3
1330733140.777935
 3
1330733140.777964
 3
1330733140.777997
 3
1330733140.778025
 3
1330733140.778056
 3
1330733140.778084
 3
1330733140.778117
 3
1330733140.778145
 3
1330733140.778180
 3
1330733140.778208
 3
1330733140.778243
 3
1330733140.778271
 3
1330733140.778306
 3
1330733140.778334
 3
1330733140.778363
 3
1330733140.778380
 2
1330733140.801625
 2
1330733140.801654
 3
1330733140.801678
 4
1330733140.801710
 4
1330733140.801740
 4
1330733140.801771
 4
1330733140.801802
 4
1330733140.801857
 4
1330733140.801887
 4
1330733140.801925
 4
1330733140.801953
 4
1330733140.801992
 4
1330733140.802020
 4
1330733140.802057
 4
1330733140.802084
 4
1330733140.802122
 4
1330733140.802139
 3
1330733140.802174
 3
1330733140.802202
 3
1330733140.802237
 3
1330733140.802264
 3
1330733140.802299
 3
1330733140.802326
 3
1330733140.802361
 3
1330733140.802389
 3
1330733140.802423
 3
1330733140.802451
 3
1330733140.802485
 3
1330733140.802512
 3
1330733140.802530
 2
1330733140.865840
 2
1330733140.865863
 3
1330733140.865892
 3
1330733140.865924
 3
1330733140.865953
 3
1330733140.865989
 3
1330733140.866016
 3
1330733140.866049
 3
1330733140.866086
 3
1330733140.866114
 3
1330733140.866144
 3
1330733140.866179
 3
1330733140.866207
 3
1330733140.866240
 3
1330733140.866268
 3
1330733140.866304
 3
1330733140.866333
 3
1330733140.866368
 3
1330733140.866396
 3
1330733140.866431
 3
1330733140.866459
 3
1330733140.866489
 3
1330733140.866517
 3
1330733140.866546
 3
1330733140.866580
 3
1330733140.866609
 3
1330733140.866639
 3
1330733140.866667
 3
1330733140.866697
 3
1330733140.866732
 3
1330733140.866760
 3
1330733140.866795
 3
1330733140.866823
 3
1330733140.866873
 3
1330733140.866900
 3
1330733140.866931
 3
1330733140.866958
 3
1330733140.866976
 2
1330733140.917749
 2
1330733140.917774
 3
1330733140.917797
 4
1330733140.917834
 4
1330733140.917863
 4
1330733140.917891
 4
1330733140.917926
 4
1330733140.917955
 4
1330733140.917973
 3
1330733140.918007
 3
1330733140.918034
 3
1330733140.918067
 3
1330733140.918094
 3
1330733140.918122
 3
1330733140.918157
 3
1330733140.918184
 3
1330733140.918217
 3
1330733140.918244
 3
1330733140.918275
 3
1330733140.918309
 3
1330733140.918337
 3
1330733140.918368
 3
1330733140.918395
 3
1330733140.918425
 3
1330733140.918466
 3
1330733140.918493
 3
1330733140.918527
 3
1330733140.918555
 3
1330733140.918590
 3
1330733140.918617
 3
1330733140.918649
 3
1330733140.918676
 3
1330733140.918705
 3
1330733140.918738
 3
1330733140.918765
 3
1330733140.918796
 3
1330733140.918823
 3
1330733140.918869
 3
1330733140.918886
 2
1330733140.957856
 2
1330733140.957882
 3
1330733140.957912
 3
1330733140.957947
 3
1330733140.957965
 2
1330733141.023402
 2
1330733141.023427
 3
1330733141.023451
 4
1330733141.023474
 5
1330733141.023503
 5
1330733141.023530
 5
1330733141.023560
 5
1330733141.023587
 5
1330733141.023616
 5
1330733141.023649
 5
1330733141.023676
 5
1330733141.023704
 5
1330733141.023740
 5
1330733141.023767
 5
1330733141.023802
 5
1330733141.023839
 5
1330733141.023867
 5
1330733141.023895
 5
1330733141.023927
 5
1330733141.023957
 5
1330733141.023988
 5
1330733141.024015
 5
1330733141.024032
 4
1330733141.024067
 4
1330733141.024095
 4
1330733141.024113
 3
1330733141.024145
 3
1330733141.024172
 3
1330733141.024203
 3
1330733141.024229
 3
1330733141.024247
 2
1330733141.049391
 2
1330733141.049415
 3
1330733141.049443
 3
1330733141.049475
 3
1330733141.049502
 3
1330733141.049531
 3
1330733141.049566
 3
1330733141.049594
 3
1330733141.049627
 3
1330733141.049655
 3
1330733141.049694
 3
1330733141.049721
 3
1330733141.049739
 2
1330733141.104255
 2
1330733141.104292
 3
1330733141.104329
 4
1330733141.104373
 4
1330733141.104419
 4
1330733141.104473
 4
1330733141.104521
 4
1330733141.104570
 4
1330733141.104616
 4
1330733141.104663
 4
1330733141.104710
 4
1330733141.104758
 4
1330733141.104786
 3
1330733141.104844
 3
1330733141.104894
 3
1330733141.104942
 3
1330733141.104990
 3
1330733141.105018
 2
1330733141.178498
 2
1330733141.178536
 3
1330733141.178581
 3
1330733141.178632
 3
1330733141.178677
 3
1330733141.178724
 3
1330733141.178769
 3
1330733141.178817
 3
1330733141.178874
 3
1330733141.178906
 4
1330733141.178940
 5
1330733141.178975
 6
1330733141.179021
 6
1330733141.179065
 6
1330733141.179110
 6
1330733141.179154
 6
1330733141.179198
 6
1330733141.179243
 6
1330733141.179287
 6
1330733141.179332
 6
1330733141.179523
 6
1330733141.179559
 6
1330733141.179585
 5
1330733141.179630
 5
1330733141.179674
 5
1330733141.179721
 5
1330733141.179767
 5
1330733141.179795
 4
1330733141.179847
 4
1330733141.179894
 4
1330733141.179940
 4
1330733141.179987
 4
1330733141.180039
 4
1330733141.180091
 4
1330733141.180120
 3
1330733141.180159
 3
1330733141.180204
 3
1330733141.180250
 3
1330733141.180296
 3
1330733141.180344
 3
1330733141.180396
 3
1330733141.180448
 3
1330733141.180500
 3
1330733141.180546
 3
1330733141.180594
 3
1330733141.180645
 3
1330733141.180697
 3
1330733141.180744
 3
1330733141.180791
 3
1330733141.180820
 2
1330733141.216510
 1
1330733141.257817
 2
1330733141.257861
 3
1330733141.257898
 4
1330733141.257944
 4
1330733141.257998
 4
1330733141.258044
 4
1330733141.258091
 4
1330733141.258137
 4
1330733141.258185
 4
1330733141.258231
 4
1330733141.258279
 4
1330733141.258308
 3
1330733141.258348
 3
1330733141.258392
 3
1330733141.258440
 3
1330733141.258492
 3
1330733141.258544
 3
1330733141.258591
 3
1330733141.258638
 3
1330733141.258691
 3
1330733141.258742
 3
1330733141.258795
 3
1330733141.258856
 3
1330733141.258903
 3
1330733141.258949
 3
1330733141.258996
 3
1330733141.259043
 3
1330733141.259072
 2
1330733141.306171
 2
1330733141.306205
 3
1330733141.306249
 3
1330733141.306305
 3
1330733141.306359
 3
1330733141.306415
 3
1330733141.306470
 3
1330733141.306524
 3
1330733141.306580
 3
1330733141.306632
 3
1330733141.306683
 3
1330733141.306734
 3
1330733141.306763
 2
1330733141.367587
 1
1330733141.409533
 2
1330733141.409565
 3
1330733141.409603
 4
1330733141.409647
 4
1330733141.409693
 4
1330733141.409741
 4
1330733141.409789
 4
1330733141.409849
 4
1330733141.409899
 4
1330733141.409946
 4
1330733141.409993
 4
1330733141.410048
 4
1330733141.410096
 4
1330733141.410143
 4
1330733141.410195
 4
1330733141.410248
 4
1330733141.410299
 4
1330733141.410352
 4
1330733141.410403
 4
1330733141.410449
 4
1330733141.410563
 4
1330733141.410592
 3
1330733141.410633
 3
1330733141.410678
 3
1330733141.410725
 3
1330733141.410769
 3
1330733141.410817
 3
1330733141.410879
 3
1330733141.410928
 3
1330733141.410979
 3
1330733141.411031
 3
1330733141.411078
 3
1330733141.411125
 3
1330733141.411172
 3
1330733141.411219
 3
1330733141.411266
 3
1330733141.411313
 3
1330733141.411361
 3
1330733141.411408
 3
1330733141.411460
 3
1330733141.411512
 3
1330733141.411559
 3
1330733141.411607
 3
1330733141.411652
 3
1330733141.411700
 3
1330733141.411752
 3
1330733141.411805
 3
1330733141.411873
 3
1330733141.411920
 3
1330733141.411968
 3
1330733141.412019
 3
1330733141.412071
 3
1330733141.412124
 3
1330733141.412175
 3
1330733141.412222
 3
1330733141.412269
 3
1330733141.412321
 3
1330733141.412373
 3
1330733141.412425
 3
1330733141.412476
 3
1330733141.412523
 3
1330733141.412570
 3
1330733141.412648
 3
1330733141.412698
 3
1330733141.412745
 3
1330733141.412793
 3
1330733141.412859
 3
1330733141.412912
 3
1330733141.412960
 3
1330733141.413008
 3
1330733141.413055
 3
1330733141.413101
 3
1330733141.413128
 2
1330733141.478250
 2
1330733141.478272
 2
1330733141.478321
 3
1330733141.478367
 3
1330733141.478414
 3
1330733141.478459
 3
1330733141.478506
 3
1330733141.478553
 3
1330733141.478601
 3
1330733141.478647
 3
1330733141.478693
 3
1330733141.478738
 3
1330733141.478784
 3
1330733141.478849
 3
1330733141.478898
 3
1330733141.478943
 3
1330733141.478989
 3
1330733141.479036
 3
1330733141.479083
 3
1330733141.479129
 3
1330733141.479177
 3
1330733141.479223
 3
1330733141.479271
 3
1330733141.479322
 3
1330733141.479369
 3
1330733141.479416
 3
1330733141.479445
 2
1330733141.496141
 2
1330733141.496177
 3
1330733141.496222
 3
1330733141.496270
 3
1330733141.496317
 3
1330733141.496363
 3
1330733141.496391
 2
1330733141.565882
 2
1330733141.565919
 3
1330733141.565964
 3
1330733141.566018
 3
1330733141.566067
 3
1330733141.566114
 3
1330733141.566161
 3
1330733141.566209
 3
1330733141.566256
 3
1330733141.566285
 2
1330733141.615020
 2
1330733141.615057
 3
1330733141.615102
 3
1330733141.615154
 3
1330733141.615200
 3
1330733141.615247
 3
1330733141.615293
 3
1330733141.615341
 3
1330733141.615389
 3
1330733141.615438
 3
1330733141.615493
 3
1330733141.615549
 3
1330733141.615600
 3
1330733141.615647
 3
1330733141.615695
 3
1330733141.615747
 3
1330733141.615798
 3
1330733141.615859
 3
1330733141.615908
 3
1330733141.615956
 3
1330733141.616003
 3
1330733141.616050
 3
1330733141.616098
 3
1330733141.616145
 3
1330733141.616192
 3
1330733141.616239
 3
1330733141.616287
 3
1330733141.616334
 3
1330733141.616381
 3
1330733141.616428
 3
1330733141.616475
 3
1330733141.616522
 3
1330733141.616570
 3
1330733141.616615
 3
1330733141.616661
 3
1330733141.616707
 3
1330733141.616755
 3
1330733141.616801
 3
1330733141.616867
 3
1330733141.616914
 3
1330733141.616960
 3
1330733141.617005
 3
1330733141.617051
 3
1330733141.617097
 3
1330733141.617144
 3
1330733141.617192
 3
1330733141.617220
 2
1330733141.671675
 2
1330733141.671708
 3
1330733141.671753
 3
1330733141.671799
 3
1330733141.671866
 3
1330733141.671912
 3
1330733141.671959
 3
1330733141.672004
 3
1330733141.672051
 3
1330733141.672106
 3
1330733141.672160
 3
1330733141.672208
 3
1330733141.672255
 3
1330733141.672308
 3
1330733141.672358
 3
1330733141.672405
 3
1330733141.672453
 3
1330733141.672505
 3
1330733141.672556
 3
1330733141.672608
 3
1330733141.672660
 3
1330733141.672707
 3
1330733141.672754
 3
1330733141.672800
 3
1330733141.672867
 3
1330733141.672913
 3
1330733141.672959
 3
1330733141.673004
 3
1330733141.673051
 3
1330733141.673079
 2
1330733141.708118
 2
1330733141.708155
 3
1330733141.708201
 3
1330733141.708251
 3
1330733141.708296
 3
1330733141.708325
 2
1330733141.747736
 2
1330733141.747770
 3
1330733141.747814
 3
1330733141.747875
 3
1330733141.747925
 3
1330733141.747970
 3
1330733141.748017
 3
1330733141.748062
 3
1330733141.748109
 3
1330733141.748154
 3
1330733141.748201
 3
1330733141.748246
 3
1330733141.748294
 3
1330733141.748339
 3
1330733141.748386
 3
1330733141.748433
 3
1330733141.748462
 2
1330733141.812492
 2
1330733141.812524
 3
1330733141.812561
 4
1330733141.812607
 4
1330733141.812659
 4
1330733141.812705
 4
1330733141.812753
 4
1330733141.812797
 4
1330733141.812859
 4
1330733141.812888
 3
1330733141.812931
 3
1330733141.812975
 3
1330733141.813022
 3
1330733141.813069
 3
1330733141.813098
 2
1330733141.847019
 2
1330733141.847054
 3
1330733141.847101
 3
1330733141.847148
 3
1330733141.847194
 3
1330733141.847241
 3
1330733141.847297
 3
1330733141.847353
 3
1330733141.847400
 3
1330733141.847448
 3
1330733141.847495
 3
1330733141.847543
 3
1330733141.847588
 3
1330733141.847634
 3
1330733141.847680
 3
1330733141.847727
 3
1330733141.847775
 3
1330733141.847822
 3
1330733141.847891
 3
1330733141.847944
 3
1330733141.847990
 3
1330733141.848038
 3
1330733141.848084
 3
1330733141.848133
 3
1330733141.848179
 3
1330733141.848228
 3
1330733141.848279
 3
1330733141.848332
 3
1330733141.848379
 3
1330733141.848427
 3
1330733141.848479
 3
1330733141.848527
 3
1330733141.848575
 3
1330733141.848622
 3
1330733141.848669
 3
1330733141.848716
 3
1330733141.848764
 3
1330733141.848810
 3
1330733141.848875
 3
1330733141.848920
 3
1330733141.848967
 3
1330733141.849012
 3
1330733141.849058
 3
1330733141.849103
 3
1330733141.849150
 3
1330733141.849196
 3
1330733141.849244
 3
1330733141.849290
 3
1330733141.849337
 3
1330733141.849384
 3
1330733141.849432
 3
1330733141.849479
 3
1330733141.849526
 3
1330733141.849573
 3
1330733141.849620
 3
1330733141.849667
 3
1330733141.849715
 3
1330733141.849762
 3
1330733141.849809
 3
1330733141.849854
 2
1330733141.894398
 2
1330733141.894441
 3
1330733141.894488
 3
1330733141.894536
 3
1330733141.894582
 3
1330733141.894916
 3
1330733141.894970
 3
1330733141.895016
 3
1330733141.895064
 3
1330733141.895111
 3
1330733141.895159
 3
1330733141.895206
 3
1330733141.895256
 3
1330733141.895301
 3
1330733141.895330
 2
1330733141.960064
 2
1330733141.960103
 3
1330733141.960132
 2
1330733142.029627
 2
1330733142.029663
 3
1330733142.029708
 3
1330733142.029763
 3
1330733142.029819
 3
1330733142.029879
 3
1330733142.029924
 3
1330733142.029979
 3
1330733142.030026
 3
1330733142.030074
 3
1330733142.030102
 2
1330733142.067616
 2
1330733142.067653
 3
1330733142.067700
 3
1330733142.067747
 3
1330733142.067792
 3
1330733142.067857
 3
1330733142.067911
 3
1330733142.067958
 3
1330733142.068005
 3
1330733142.068051
 3
1330733142.068098
 3
1330733142.068146
 3
1330733142.068194
 3
1330733142.068240
 3
1330733142.068288
 3
1330733142.068335
 3
1330733142.068382
 3
1330733142.068430
 3
1330733142.068477
 3
1330733142.068524
 3
1330733142.068571
 3
1330733142.068618
 3
1330733142.068666
 3
1330733142.068713
 3
1330733142.068761
 3
1330733142.068806
 3
1330733142.068868
 3
1330733142.068914
 3
1330733142.068962
 3
1330733142.068990
 2
1330733142.120228
 2
1330733142.120267
 3
1330733142.120315
 3
1330733142.120363
 3
1330733142.120410
 3
1330733142.120458
 3
1330733142.120505
 3
1330733142.120554
 3
1330733142.120608
 3
1330733142.120656
 3
1330733142.120685
 2
1330733142.152001
 2
1330733142.152035
 3
1330733142.152080
 3
1330733142.152132
 3
1330733142.152177
 3
1330733142.152224
 3
1330733142.152269
 3
1330733142.152317
 3
1330733142.152371
 3
1330733142.152419
 3
1330733142.152466
 3
1330733142.152521
 3
1330733142.152574
 3
1330733142.152626
 3
1330733142.152677
 3
1330733142.152724
 3
1330733142.152772
 3
1330733142.152819
 3
1330733142.152885
 3
1330733142.152932
 3
1330733142.152980
 3
1330733142.153026
 3
1330733142.153074
 3
1330733142.153126
 3
1330733142.153178
 3
1330733142.153226
 3
1330733142.153273
 3
1330733142.153326
 3
1330733142.153379
 3
1330733142.153430
 3
1330733142.153482
 3
1330733142.153534
 3
1330733142.153586
 3
1330733142.153634
 3
1330733142.153681
 3
1330733142.153727
 3
1330733142.153774
 3
1330733142.153821
 3
1330733142.153885
 3
1330733142.153932
 3
1330733142.153981
 3
1330733142.154033
 3
1330733142.154080
 3
1330733142.154125
 3
1330733142.154171
 3
1330733142.154220
 3
1330733142.154272
 3
1330733142.154319
 3
1330733142.154367
 3
1330733142.154414
 3
1330733142.154462
 3
1330733142.154508
 3
1330733142.154556
 3
1330733142.154603
 3
1330733142.154651
 3
1330733142.154702
 3
1330733142.154748
 3
1330733142.154796
 3
1330733142.154864
 3
1330733142.154910
 3
1330733142.154956
 3
1330733142.154983
 2
1330733142.213617
 2
1330733142.213654
 3
1330733142.213698
 3
1330733142.213752
 3
1330733142.213781
 2
1330733142.246333
 2
1330733142.246370
 3
1330733142.246416
 3
1330733142.246463
 3
1330733142.246508
 3
1330733142.246556
 3
1330733142.246601
 3
1330733142.246673
 3
1330733142.246718
 3
1330733142.246766
 3
1330733142.246812
 3
1330733142.246878
 3
1330733142.246924
 3
1330733142.246971
 3
1330733142.247018
 3
1330733142.247066
 3
1330733142.247113
 3
1330733142.247161
 3
1330733142.247213
 3
1330733142.247260
 3
1330733142.247307
 3
1330733142.247354
 3
1330733142.247402
 3
1330733142.247448
 3
1330733142.247495
 3
1330733142.247542
 3
1330733142.247590
 3
1330733142.247637
 3
1330733142.247685
 3
1330733142.247732
 3
1330733142.247779
 3
1330733142.247825
 3
1330733142.247888
 3
1330733142.247933
 3
1330733142.247979
 3
1330733142.248025
 3
1330733142.248070
 3
1330733142.248117
 3
1330733142.248165
 3
1330733142.248217
 3
1330733142.248269
 3
1330733142.248322
 3
1330733142.248373
 3
1330733142.248420
 3
1330733142.248468
 3
1330733142.248515
 3
1330733142.248562
 3
1330733142.248615
 3
1330733142.248667
 3
1330733142.248714
 3
1330733142.248762
 3
1330733142.248814
 3
1330733142.248882
 3
1330733142.248935
 3
1330733142.248963
 2
1330733142.295255
 2
1330733142.295291
 3
1330733142.295346
 3
1330733142.295394
 3
1330733142.295442
 3
1330733142.295497
 3
1330733142.295553
 3
1330733142.295609
 3
1330733142.295666
 3
1330733142.295713
 3
1330733142.295761
 3
1330733142.295808
 3
1330733142.295872
 3
1330733142.295919
 3
1330733142.295967
 3
1330733142.296018
 3
1330733142.296065
 3
1330733142.296093
 2
1330733142.346807
 2
1330733142.346857
 3
1330733142.346902
 3
1330733142.346948
 3
1330733142.346995
 3
1330733142.347040
 3
1330733142.347088
 3
1330733142.347135
 3
1330733142.347184
 3
1330733142.347230
 3
1330733142.347258
 2
1330733142.393258
 2
1330733142.393303
 3
1330733142.393350
 3
1330733142.393402
 3
1330733142.393447
 3
1330733142.393495
 3
1330733142.393541
 3
1330733142.393588
 3
1330733142.393635
 3
1330733142.393686
 3
1330733142.393714
 2
1330733142.442338
 2
1330733142.442375
 3
1330733142.442431
 3
1330733142.442477
 3
1330733142.442527
 3
1330733142.442584
 3
1330733142.442639
 3
1330733142.442693
 3
1330733142.442748
 3
1330733142.442799
 3
1330733142.442871
 3
1330733142.442922
 3
1330733142.442972
 3
1330733142.443024
 3
1330733142.443073
 3
1330733142.443123
 3
1330733142.443173
 3
1330733142.443223
 3
1330733142.443273
 3
1330733142.443323
 3
1330733142.443372
 3
1330733142.443400
 2
1330733142.497293
 2
1330733142.497333
 3
1330733142.497380
 3
1330733142.497429
 3
1330733142.497474
 3
1330733142.497523
 3
1330733142.497568
 3
1330733142.497615
 3
1330733142.497686
 3
1330733142.497735
 3
1330733142.497792
 3
1330733142.497859
 3
1330733142.497908
 3
1330733142.497954
 3
1330733142.498000
 3
1330733142.498027
 2
1330733142.572147
 2
1330733142.572180
 3
1330733142.572216
 4
1330733142.572261
 4
1330733142.572318
 4
1330733142.572373
 4
1330733142.572429
 4
1330733142.572485
 4
1330733142.572541
 4
1330733142.572596
 4
1330733142.572643
 4
1330733142.572692
 4
1330733142.572720
 3
1330733142.572761
 3
1330733142.572806
 3
1330733142.572875
 3
1330733142.572904
 2
1330733142.616496
 2
1330733142.616530
 3
1330733142.616575
 3
1330733142.616628
 3
1330733142.616657
 2
1330733142.665812
 2
1330733142.665859
 3
1330733142.665896
 4
1330733142.665941
 4
1330733142.665995
 4
1330733142.666041
 4
1330733142.666088
 4
1330733142.666134
 4
1330733142.666181
 4
1330733142.666226
 4
1330733142.666273
 4
1330733142.666319
 4
1330733142.666366
 4
1330733142.666413
 4
1330733142.666462
 4
1330733142.666512
 4
1330733142.666559
 4
1330733142.666607
 4
1330733142.666659
 4
1330733142.666710
 4
1330733142.666758
 4
1330733142.666805
 4
1330733142.666874
 4
1330733142.666926
 4
1330733142.666974
 4
1330733142.667022
 4
1330733142.667068
 4
1330733142.667115
 4
1330733142.667161
 4
1330733142.667207
 4
1330733142.667252
 4
1330733142.667298
 4
1330733142.667343
 4
1330733142.667389
 4
1330733142.667433
 4
1330733142.667480
 4
1330733142.667525
 4
1330733142.667571
 4
1330733142.667616
 4
1330733142.667662
 4
1330733142.667708
 4
1330733142.667756
 4
1330733142.667803
 4
1330733142.667866
 4
1330733142.667912
 4
1330733142.667958
 4
1330733142.668002
 4
1330733142.668049
 4
1330733142.668094
 4
1330733142.668122
 3
1330733142.668158
 3
1330733142.668203
 3
1330733142.668250
 3
1330733142.668295
 3
1330733142.668341
 3
1330733142.668386
 3
1330733142.668432
 3
1330733142.668483
 3
1330733142.668530
 3
1330733142.668578
 3
1330733142.668630
 3
1330733142.668682
 3
1330733142.668734
 3
1330733142.668785
 3
1330733142.668849
 3
1330733142.668899
 3
1330733142.668951
 3
1330733142.669002
 3
1330733142.669053
 3
1330733142.669106
 3
1330733142.669153
 3
1330733142.669201
 3
1330733142.669253
 3
1330733142.669305
 3
1330733142.669353
 3
1330733142.669400
 3
1330733142.669447
 3
1330733142.669495
 3
1330733142.669541
 3
1330733142.669589
 3
1330733142.669641
 3
1330733142.669693
 3
1330733142.669745
 3
1330733142.669796
 3
1330733142.669863
 3
1330733142.669912
 3
1330733142.669958
 3
1330733142.670004
 3
1330733142.670049
 3
1330733142.670096
 3
1330733142.670141
 3
1330733142.670187
 3
1330733142.670233
 3
1330733142.670279
 3
1330733142.670324
 3
1330733142.670370
 3
1330733142.670415
 3
1330733142.670461
 3
1330733142.670505
 3
1330733142.670551
 3
1330733142.670596
 3
1330733142.670642
 3
1330733142.670687
 3
1330733142.670716
 2
1330733142.693974
 2
1330733142.694010
 3
1330733142.694038
 2
1330733142.761042
 2
1330733142.761075
 3
1330733142.761113
 4
1330733142.761157
 4
1330733142.761211
 4
1330733142.761257
 4
1330733142.761305
 4
1330733142.761349
 4
1330733142.761396
 4
1330733142.761441
 4
1330733142.761488
 4
1330733142.761532
 4
1330733142.761579
 4
1330733142.761624
 4
1330733142.761671
 4
1330733142.761717
 4
1330733142.761765
 4
1330733142.761818
 4
1330733142.761880
 4
1330733142.761927
 4
1330733142.761975
 4
1330733142.762022
 4
1330733142.762068
 4
1330733142.762117
 4
1330733142.762163
 4
1330733142.762211
 4
1330733142.762258
 4
1330733142.762306
 4
1330733142.762352
 4
1330733142.762400
 4
1330733142.762451
 4
1330733142.762502
 4
1330733142.762555
 4
1330733142.762607
 4
1330733142.762653
 4
1330733142.762701
 4
1330733142.762753
 4
1330733142.762800
 4
1330733142.762868
 4
1330733142.762914
 4
1330733142.762959
 4
1330733142.763004
 4
1330733142.763050
 4
1330733142.763095
 4
1330733142.763142
 4
1330733142.763189
 4
1330733142.763237
 4
1330733142.763283
 4
1330733142.763328
 4
1330733142.763373
 4
1330733142.763419
 4
1330733142.763463
 4
1330733142.763510
 4
1330733142.763555
 4
1330733142.763601
 4
1330733142.763646
 4
1330733142.763692
 4
1330733142.763738
 4
1330733142.763786
 4
1330733142.763852
 4
1330733142.763901
 4
1330733142.763948
 4
1330733142.763996
 4
1330733142.764042
 4
1330733142.764090
 4
1330733142.764142
 4
1330733142.764193
 4
1330733142.764240
 4
1330733142.764288
 4
1330733142.764335
 4
1330733142.764382
 4
1330733142.764429
 4
1330733142.764477
 4
1330733142.764522
 4
1330733142.764569
 4
1330733142.764613
 4
1330733142.764660
 4
1330733142.764705
 4
1330733142.764751
 4
1330733142.764796
 4
1330733142.764853
 4
1330733142.764898
 4
1330733142.764944
 4
1330733142.764990
 4
1330733142.765035
 4
1330733142.765080
 4
1330733142.765127
 4
1330733142.765174
 4
1330733142.765222
 4
1330733142.765268
 4
1330733142.765315
 4
1330733142.765362
 4
1330733142.765410
 4
1330733142.765461
 4
1330733142.765513
 4
1330733142.765565
 4
1330733142.765612
 4
1330733142.765641
 3
1330733142.765678
 3
1330733142.765722
 3
1330733142.765769
 3
1330733142.765816
 3
1330733142.765880
 3
1330733142.765927
 3
1330733142.765974
 3
1330733142.766020
 3
1330733142.766069
 3
1330733142.766121
 3
1330733142.766168
 3
1330733142.766216
 3
1330733142.766262
 3
1330733142.766309
 3
1330733142.766355
 3
1330733142.766401
 3
1330733142.766445
 3
1330733142.766492
 3
1330733142.766537
 3
1330733142.766584
 3
1330733142.766630
 3
1330733142.766678
 3
1330733142.766724
 3
1330733142.766772
 3
1330733142.766819
 3
1330733142.766883
 3
1330733142.766911
 2
1330733142.793030
 2
1330733142.793066
 3
1330733142.793111
 3
1330733142.793162
 3
1330733142.793208
 3
1330733142.793257
 3
1330733142.793312
 3
1330733142.793367
 3
1330733142.793422
 3
1330733142.793477
 3
1330733142.793525
 3
1330733142.793572
 3
1330733142.793624
 3
1330733142.793677
 3
1330733142.793728
 3
1330733142.793780
 3
1330733142.793843
 3
1330733142.793892
 3
1330733142.793937
 3
1330733142.793985
 3
1330733142.794037
 3
1330733142.794084
 3
1330733142.794131
 3
1330733142.794160
 2
1330733142.858691
 2
1330733142.858724
 3
1330733142.858745
 3
1330733142.858793
 3
1330733142.858855
 3
1330733142.858906
 3
1330733142.858952
 3
1330733142.858999
 3
1330733142.859044
 3
1330733142.859092
 3
1330733142.859138
 3
1330733142.859186
 3
1330733142.859233
 3
1330733142.859281
 3
1330733142.859327
 3
1330733142.859373
 3
1330733142.859418
 3
1330733142.859464
 3
1330733142.859508
 3
1330733142.859555
 3
1330733142.859601
 3
1330733142.859650
 3
1330733142.859696
 3
1330733142.859725
 2
1330733142.913167
 2
1330733142.913187
 2
1330733142.913234
 3
1330733142.913263
 2
1330733142.942313
 2
1330733142.942352
 3
1330733142.942403
 3
1330733142.942458
 3
1330733142.942512
 3
1330733142.942567
 3
1330733142.942619
 3
1330733142.942669
 3
1330733142.942719
 3
1330733142.942769
 3
1330733142.942818
 3
1330733142.942877
 3
1330733142.942924
 3
1330733142.942971
 3
1330733142.943022
 3
1330733142.943072
 3
1330733142.943123
 3
1330733142.943172
 3
1330733142.943223
 3
1330733142.943273
 3
1330733142.943322
 3
1330733142.943371
 3
1330733142.943420
 3
1330733142.943470
 3
1330733142.943520
 3
1330733142.943549
 2
1330733143.030238
 2
1330733143.030275
 3
1330733143.030324
 3
1330733143.030373
 3
1330733143.030402
 2
1330733143.075841
 2
1330733143.075877
 3
1330733143.075924
 3
1330733143.075970
 3
1330733143.076015
 3
1330733143.076063
 3
1330733143.076109
 3
1330733143.076158
 3
1330733143.076205
 3
1330733143.076233
 2
1330733143.130147
 2
1330733143.130183
 3
1330733143.130211
 2
1330733143.175055
 2
1330733143.175090
 3
1330733143.175135
 3
1330733143.175188
 3
1330733143.175243
 3
1330733143.175298
 3
1330733143.175353
 3
1330733143.175409
 3
1330733143.175463
 3
1330733143.175511
 3
1330733143.175558
 3
1330733143.175603
 3
1330733143.175649
 3
1330733143.175696
 3
1330733143.175744
 3
1330733143.175797
 3
1330733143.175858
 3
1330733143.175906
 3
1330733143.175952
 3
1330733143.175999
 3
1330733143.176046
 3
1330733143.176094
 3
1330733143.176141
 3
1330733143.176189
 3
1330733143.176235
 3
1330733143.176284
 3
1330733143.176335
 3
1330733143.176382
 3
1330733143.176430
 3
1330733143.176477
 3
1330733143.176524
 3
1330733143.176571
 3
1330733143.176619
 3
1330733143.176666
 3
1330733143.176714
 3
1330733143.176766
 3
1330733143.176813
 3
1330733143.176877
 3
1330733143.176923
 3
1330733143.176971
 3
1330733143.177023
 3
1330733143.177076
 3
1330733143.177127
 3
1330733143.177174
 3
1330733143.177203
 2
1330733143.190400
 2
1330733143.190420
 2
1330733143.190462
 3
1330733143.190510
 3
1330733143.190558
 3
1330733143.190605
 3
1330733143.190653
 3
1330733143.190700
 3
1330733143.190748
 3
1330733143.190802
 3
1330733143.190868
 3
1330733143.190917
 3
1330733143.190964
 3
1330733143.191012
 3
1330733143.191058
 3
1330733143.191105
 3
1330733143.191150
 3
1330733143.191196
 3
1330733143.191241
 3
1330733143.191269
 2
1330733143.263988
 2
1330733143.264021
 3
1330733143.264059
 4
1330733143.264104
 4
1330733143.264159
 4
1330733143.264206
 4
1330733143.264254
 4
1330733143.264299
 4
1330733143.264347
 4
1330733143.264394
 4
1330733143.264442
 4
1330733143.264488
 4
1330733143.264534
 4
1330733143.264581
 4
1330733143.264628
 4
1330733143.264680
 4
1330733143.264732
 4
1330733143.264785
 4
1330733143.264850
 4
1330733143.264898
 4
1330733143.264945
 4
1330733143.264993
 4
1330733143.265045
 4
1330733143.265092
 4
1330733143.265140
 4
1330733143.265187
 4
1330733143.265216
 3
1330733143.265252
 3
1330733143.265296
 3
1330733143.265343
 3
1330733143.265371
 2
1330733143.296759
 2
1330733143.296793
 3
1330733143.296852
 3
1330733143.296897
 3
1330733143.296946
 3
1330733143.296993
 3
1330733143.297041
 3
1330733143.297096
 3
1330733143.297152
 3
1330733143.297208
 3
1330733143.297263
 3
1330733143.297316
 3
1330733143.297368
 3
1330733143.297420
 3
1330733143.297466
 3
1330733143.297515
 3
1330733143.297566
 3
1330733143.297613
 3
1330733143.297660
 3
1330733143.297712
 3
1330733143.297764
 3
1330733143.297816
 3
1330733143.297883
 3
1330733143.297936
 3
1330733143.297988
 3
1330733143.298040
 3
1330733143.298092
 3
1330733143.298145
 3
1330733143.298197
 3
1330733143.298244
 3
1330733143.298292
 3
1330733143.298338
 3
1330733143.298386
 3
1330733143.298433
 3
1330733143.298481
 3
1330733143.298533
 3
1330733143.298580
 3
1330733143.298628
 3
1330733143.298656
 2
1330733143.376754
 2
1330733143.376786
 3
1330733143.376823
 4
1330733143.376883
 4
1330733143.376929
 4
1330733143.376977
 4
1330733143.377033
 4
1330733143.377087
 4
1330733143.377134
 4
1330733143.377180
 4
1330733143.377208
 3
1330733143.377251
 3
1330733143.377296
 3
1330733143.377342
 3
1330733143.377389
 3
1330733143.377437
 3
1330733143.377483
 3
1330733143.377531
 3
1330733143.377582
 3
1330733143.377634
 3
1330733143.377685
 3
1330733143.377737
 3
1330733143.377788
 3
1330733143.377851
 3
1330733143.377900
 3
1330733143.377945
 3
1330733143.377991
 3
1330733143.378037
 3
1330733143.378085
 3
1330733143.378137
 3
1330733143.378188
 3
1330733143.378236
 3
1330733143.378283
 3
1330733143.378335
 3
1330733143.378387
 3
1330733143.378438
 3
1330733143.378485
 3
1330733143.378533
 3
1330733143.378584
 3
1330733143.378636
 3
1330733143.378688
 3
1330733143.378739
 3
1330733143.378793
 3
1330733143.378821
 2
1330733143.404600
 2
1330733143.404635
 3
1330733143.404680
 3
1330733143.404731
 3
1330733143.404786
 3
1330733143.404857
 3
1330733143.404910
 3
1330733143.404956
 3
1330733143.405005
 3
1330733143.405051
 3
1330733143.405098
 3
1330733143.405143
 3
1330733143.405190
 3
1330733143.405235
 3
1330733143.405283
 3
1330733143.405312
 2
1330733143.463420
 2
1330733143.463457
 3
1330733143.463503
 3
1330733143.463553
 3
1330733143.463598
 3
1330733143.463627
 2
1330733143.517728
 2
1330733143.517761
 3
1330733143.517806
 3
1330733143.517863
 3
1330733143.517917
 3
1330733143.517965
 3
1330733143.518013
 3
1330733143.518069
 3
1330733143.518124
 3
1330733143.518179
 3
1330733143.518234
 3
1330733143.518287
 3
1330733143.518338
 3
1330733143.518390
 3
1330733143.518443
 3
1330733143.518497
 3
1330733143.518549
 3
1330733143.518600
 3
1330733143.518652
 3
1330733143.518704
 3
1330733143.518756
 3
1330733143.518808
 3
1330733143.518879
 3
1330733143.518931
 3
1330733143.518983
 3
1330733143.519035
 3
1330733143.519081
 3
1330733143.519129
 3
1330733143.519180
 3
1330733143.519208
 2
1330733143.561448
 1
1330733143.602407
 2
done here
