1330733246.454959
 0
1330733246.483511
 1
1330733246.547102
 2
1330733246.547150
 3
1330733246.547228
 3
1330733246.547284
 3
1330733246.547342
 3
1330733246.547406
 3
1330733246.547479
 3
1330733246.547536
 3
1330733246.547597
 3
1330733246.547649
 3
1330733246.547709
 3
1330733246.547789
 3
1330733246.547848
 3
1330733246.547910
 3
1330733246.547963
 3
1330733246.548018
 3
1330733246.548079
 3
1330733246.548131
 3
1330733246.548191
 3
1330733246.548243
 3
1330733246.548296
 3
1330733246.548355
 3
1330733246.548407
 3
1330733246.548440
 2
1330733246.579260
 2
1330733246.579314
 3
1330733246.579369
 3
1330733246.579428
 3
1330733246.579491
 3
1330733246.579545
 3
1330733246.579578
 2
1330733246.644804
 2
1330733246.644875
 3
1330733246.644930
 3
1330733246.645058
 3
1330733246.645102
 3
1330733246.645160
 3
1330733246.645224
 3
1330733246.645277
 3
1330733246.645333
 3
1330733246.645394
 3
1330733246.645446
 3
1330733246.645509
 3
1330733246.645561
 3
1330733246.645631
 3
1330733246.645687
 3
1330733246.645739
 3
1330733246.645799
 3
1330733246.645873
 3
1330733246.645926
 3
1330733246.645987
 3
1330733246.646041
 3
1330733246.646094
 3
1330733246.646154
 3
1330733246.646207
 3
1330733246.646260
 3
1330733246.646343
 3
1330733246.646388
 3
1330733246.646449
 3
1330733246.646502
 3
1330733246.646555
 3
1330733246.646615
 3
1330733246.646668
 3
1330733246.646721
 3
1330733246.646780
 3
1330733246.646848
 3
1330733246.646899
 3
1330733246.646958
 3
1330733246.647012
 3
1330733246.647072
 3
1330733246.647124
 3
1330733246.647177
 3
1330733246.647245
 3
1330733246.647296
 3
1330733246.647348
 3
1330733246.647419
 3
1330733246.647469
 3
1330733246.647521
 3
1330733246.647582
 3
1330733246.647648
 3
1330733246.647706
 3
1330733246.647758
 3
1330733246.647810
 3
1330733246.647895
 3
1330733246.647947
 3
1330733246.647999
 3
1330733246.648060
 3
1330733246.648112
 3
1330733246.648164
 3
1330733246.648218
 3
1330733246.648270
 3
1330733246.648323
 3
1330733246.648375
 3
1330733246.648423
 3
1330733246.648470
 3
1330733246.648522
 3
1330733246.648575
 3
1330733246.648627
 3
1330733246.648675
 3
1330733246.648723
 3
1330733246.648776
 3
1330733246.648843
 3
1330733246.648894
 3
1330733246.648946
 3
1330733246.648999
 3
1330733246.649052
 3
1330733246.649103
 3
1330733246.649157
 3
1330733246.649209
 3
1330733246.649261
 3
1330733246.649313
 3
1330733246.649367
 3
1330733246.649396
 2
1330733246.695408
 2
1330733246.695444
 3
1330733246.695492
 3
1330733246.695541
 3
1330733246.695596
 3
1330733246.695625
 2
1330733246.749940
 2
1330733246.749979
 3
1330733246.750026
 3
1330733246.750073
 3
1330733246.750119
 3
1330733246.750166
 3
1330733246.750213
 3
1330733246.750262
 3
1330733246.750310
 3
1330733246.750358
 3
1330733246.750415
 3
1330733246.750462
 3
1330733246.750511
 3
1330733246.750564
 3
1330733246.750617
 3
1330733246.750670
 3
1330733246.750699
 2
1330733246.771370
 2
1330733246.771406
 3
1330733246.771452
 3
1330733246.771500
 3
1330733246.771556
 3
1330733246.771612
 3
1330733246.771668
 3
1330733246.771724
 3
1330733246.771780
 3
1330733246.771874
 3
1330733246.771914
 3
1330733246.771959
 3
1330733246.772007
 3
1330733246.772060
 3
1330733246.772108
 3
1330733246.772155
 3
1330733246.772203
 3
1330733246.772251
 3
1330733246.772303
 3
1330733246.772356
 3
1330733246.772408
 3
1330733246.772456
 3
1330733246.772505
 3
1330733246.772556
 3
1330733246.772610
 3
1330733246.772661
 3
1330733246.772714
 3
1330733246.772765
 3
1330733246.772817
 3
1330733246.772881
 3
1330733246.772930
 3
1330733246.773007
 3
1330733246.773059
 3
1330733246.773106
 3
1330733246.773154
 3
1330733246.773206
 3
1330733246.773259
 3
1330733246.773306
 3
1330733246.773355
 3
1330733246.773407
 3
1330733246.773460
 3
1330733246.773512
 3
1330733246.773564
 3
1330733246.773612
 3
1330733246.773660
 3
1330733246.773690
 2
1330733246.826917
 2
1330733246.826950
 3
1330733246.826977
 4
1330733246.827012
 4
1330733246.827042
 4
1330733246.827073
 4
1330733246.827114
 4
1330733246.827142
 4
1330733246.827172
 4
1330733246.827209
 4
1330733246.827237
 4
1330733246.827272
 4
1330733246.827322
 4
1330733246.827351
 4
1330733246.827384
 4
1330733246.827412
 4
1330733246.827442
 4
1330733246.827478
 4
1330733246.827506
 4
1330733246.827542
 4
1330733246.827569
 4
1330733246.827605
 4
1330733246.827633
 4
1330733246.827669
 4
1330733246.827697
 4
1330733246.827733
 4
1330733246.827762
 4
1330733246.827780
 3
1330733246.827814
 3
1330733246.827857
 3
1330733246.827894
 3
1330733246.827921
 3
1330733246.827952
 3
1330733246.827979
 3
1330733246.828011
 3
1330733246.828046
 3
1330733246.828075
 3
1330733246.828103
 3
1330733246.828121
 2
1330733246.894198
 2
1330733246.894227
 3
1330733246.894256
 4
1330733246.894288
 5
1330733246.894325
 6
1330733246.894370
 6
1330733246.894399
 5
1330733246.894443
 5
1330733246.894489
 5
1330733246.894533
 5
1330733246.894579
 5
1330733246.894625
 5
1330733246.894653
 4
1330733246.894692
 4
1330733246.894738
 4
1330733246.894785
 4
1330733246.894815
 3
1330733246.894875
 3
1330733246.894919
 3
1330733246.894968
 3
1330733246.895023
 3
1330733246.895079
 3
1330733246.895132
 3
1330733246.895184
 3
1330733246.895236
 3
1330733246.895288
 3
1330733246.895340
 3
1330733246.895394
 3
1330733246.895441
 3
1330733246.895488
 3
1330733246.895533
 3
1330733246.895579
 3
1330733246.895626
 3
1330733246.895674
 3
1330733246.895727
 3
1330733246.895773
 3
1330733246.895818
 3
1330733246.895885
 3
1330733246.895933
 3
1330733246.895981
 3
1330733246.896028
 3
1330733246.896074
 3
1330733246.896120
 3
1330733246.896167
 3
1330733246.896215
 3
1330733246.896262
 3
1330733246.896290
 2
1330733246.924578
 2
1330733246.924612
 3
1330733246.924658
 3
1330733246.924686
 2
1330733246.982564
 2
1330733246.982597
 3
1330733246.982642
 3
1330733246.982698
 3
1330733246.982754
 3
1330733246.982810
 3
1330733246.982871
 3
1330733246.982916
 3
1330733246.982969
 3
1330733246.983017
 3
1330733246.983065
 3
1330733246.983111
 3
1330733246.983158
 3
1330733246.983203
 3
1330733246.983249
 3
1330733246.983296
 3
1330733246.983344
 3
1330733246.983396
 3
1330733246.983448
 3
1330733246.983495
 3
1330733246.983544
 3
1330733246.983596
 3
1330733246.983647
 3
1330733246.983699
 3
1330733246.983751
 3
1330733246.983803
 3
1330733246.983873
 3
1330733246.983921
 3
1330733246.983968
 3
1330733246.984020
 3
1330733246.984071
 3
1330733246.984119
 3
1330733246.984166
 3
1330733246.984211
 3
1330733246.984258
 3
1330733246.984303
 3
1330733246.984349
 3
1330733246.984396
 3
1330733246.984443
 3
1330733246.984496
 3
1330733246.984548
 3
1330733246.984600
 3
1330733246.984652
 3
1330733246.984704
 3
1330733246.984755
 3
1330733246.984807
 3
1330733246.984874
 3
1330733246.984927
 3
1330733246.984979
 3
1330733246.985027
 3
1330733246.985075
 3
1330733246.985121
 3
1330733246.985169
 3
1330733246.985216
 3
1330733246.985245
 2
1330733247.028067
 2
1330733247.028104
 3
1330733247.028151
 3
1330733247.028198
 3
1330733247.028244
 3
1330733247.028292
 3
1330733247.028339
 3
1330733247.028389
 3
1330733247.028434
 3
1330733247.028482
 3
1330733247.028527
 3
1330733247.028574
 3
1330733247.028632
 3
1330733247.028684
 3
1330733247.028736
 3
1330733247.028783
 3
1330733247.028853
 3
1330733247.028899
 3
1330733247.028945
 3
1330733247.028991
 3
1330733247.029036
 3
1330733247.029082
 3
1330733247.029127
 3
1330733247.029173
 3
1330733247.029219
 3
1330733247.029264
 3
1330733247.029310
 3
1330733247.029355
 3
1330733247.029401
 3
1330733247.029447
 3
1330733247.029493
 3
1330733247.029540
 3
1330733247.029587
 3
1330733247.029632
 3
1330733247.029659
 2
1330733247.101562
 2
1330733247.101600
 3
1330733247.101647
 3
1330733247.101695
 3
1330733247.101741
 3
1330733247.101787
 3
1330733247.101853
 3
1330733247.101909
 3
1330733247.101956
 3
1330733247.102006
 3
1330733247.102054
 3
1330733247.102103
 3
1330733247.102151
 3
1330733247.102199
 3
1330733247.102245
 3
1330733247.102292
 3
1330733247.102338
 3
1330733247.102384
 3
1330733247.102413
 2
1330733247.138895
 2
1330733247.138929
 3
1330733247.138975
 3
1330733247.139027
 3
1330733247.139075
 3
1330733247.139103
 2
1330733247.169131
 2
1330733247.169165
 3
1330733247.169228
 3
1330733247.169276
 3
1330733247.169325
 3
1330733247.169354
 2
1330733247.214120
 2
1330733247.214155
 3
1330733247.214200
 3
1330733247.214251
 3
1330733247.214307
 3
1330733247.214362
 3
1330733247.214418
 3
1330733247.214473
 3
1330733247.214528
 3
1330733247.214581
 3
1330733247.214632
 3
1330733247.214683
 3
1330733247.214735
 3
1330733247.214787
 3
1330733247.214854
 3
1330733247.214904
 3
1330733247.214957
 3
1330733247.215009
 3
1330733247.215061
 3
1330733247.215113
 3
1330733247.215165
 3
1330733247.215216
 3
1330733247.215263
 3
1330733247.215311
 3
1330733247.215363
 3
1330733247.215409
 3
1330733247.215457
 3
1330733247.215509
 3
1330733247.215560
 3
1330733247.215607
 3
1330733247.215636
 2
1330733247.268956
 2
1330733247.268989
 3
1330733247.269034
 3
1330733247.269080
 3
1330733247.269129
 3
1330733247.269184
 3
1330733247.269239
 3
1330733247.269295
 3
1330733247.269350
 3
1330733247.269405
 3
1330733247.269457
 3
1330733247.269509
 3
1330733247.269561
 3
1330733247.269612
 3
1330733247.269660
 3
1330733247.269688
 2
1330733247.319734
 2
1330733247.319768
 3
1330733247.319813
 3
1330733247.319871
 3
1330733247.319925
 3
1330733247.319981
 3
1330733247.320036
 3
1330733247.320090
 3
1330733247.320145
 3
1330733247.320201
 3
1330733247.320248
 3
1330733247.320296
 3
1330733247.320343
 3
1330733247.320391
 3
1330733247.320437
 3
1330733247.320483
 3
1330733247.320529
 3
1330733247.320557
 2
1330733247.368658
 2
1330733247.368692
 3
1330733247.368738
 3
1330733247.368792
 3
1330733247.368852
 3
1330733247.368901
 3
1330733247.368957
 3
1330733247.369011
 3
1330733247.369066
 3
1330733247.369114
 3
1330733247.369162
 3
1330733247.369209
 3
1330733247.369258
 3
1330733247.369310
 3
1330733247.369362
 3
1330733247.369414
 3
1330733247.369467
 3
1330733247.369519
 3
1330733247.369571
 3
1330733247.369618
 3
1330733247.369667
 3
1330733247.369719
 3
1330733247.369770
 3
1330733247.369816
 3
1330733247.369882
 3
1330733247.369930
 3
1330733247.369959
 2
1330733247.453425
 2
1330733247.453457
 3
1330733247.453494
 4
1330733247.453540
 4
1330733247.453586
 4
1330733247.453635
 4
1330733247.453683
 4
1330733247.453731
 4
1330733247.453786
 4
1330733247.453856
 4
1330733247.453911
 4
1330733247.453959
 4
1330733247.453987
 3
1330733247.454026
 3
1330733247.454070
 3
1330733247.454116
 3
1330733247.454164
 3
1330733247.454212
 3
1330733247.454257
 3
1330733247.454303
 3
1330733247.454347
 3
1330733247.454394
 3
1330733247.454439
 3
1330733247.454486
 3
1330733247.454531
 3
1330733247.454578
 3
1330733247.454624
 3
1330733247.454670
 3
1330733247.454716
 3
1330733247.454764
 3
1330733247.454810
 3
1330733247.454879
 3
1330733247.454924
 3
1330733247.454971
 3
1330733247.455016
 3
1330733247.455063
 3
1330733247.455110
 3
1330733247.455157
 3
1330733247.455204
 3
1330733247.455251
 3
1330733247.455298
 3
1330733247.455346
 3
1330733247.455393
 3
1330733247.455441
 3
1330733247.455488
 3
1330733247.455535
 3
1330733247.455586
 3
1330733247.455638
 3
1330733247.455691
 3
1330733247.455742
 3
1330733247.455794
 3
1330733247.455867
 3
1330733247.455896
 2
1330733247.483987
 2
1330733247.484021
 3
1330733247.484049
 2
1330733247.537973
 2
1330733247.538008
 3
1330733247.538053
 3
1330733247.538107
 3
1330733247.538162
 3
1330733247.538217
 3
1330733247.538263
 3
1330733247.538315
 3
1330733247.538361
 3
1330733247.538410
 3
1330733247.538438
 2
1330733247.588974
 2
1330733247.589011
 3
1330733247.589068
 3
1330733247.589123
 3
1330733247.589178
 3
1330733247.589231
 3
1330733247.589285
 3
1330733247.589340
 3
1330733247.589390
 3
1330733247.589439
 3
1330733247.589488
 3
1330733247.589538
 3
1330733247.589588
 3
1330733247.589637
 3
1330733247.589686
 3
1330733247.589735
 3
1330733247.589786
 3
1330733247.589848
 3
1330733247.589895
 3
1330733247.589941
 3
1330733247.589986
 3
1330733247.590032
 3
1330733247.590079
 3
1330733247.590126
 3
1330733247.590173
 3
1330733247.590221
 3
1330733247.590249
 2
1330733247.633211
 2
1330733247.633246
 3
1330733247.633291
 3
1330733247.633346
 3
1330733247.633392
 3
1330733247.633447
 3
1330733247.633495
 3
1330733247.633542
 3
1330733247.633590
 3
1330733247.633638
 3
1330733247.633693
 3
1330733247.633749
 3
1330733247.633802
 3
1330733247.633874
 3
1330733247.633921
 3
1330733247.633969
 3
1330733247.634021
 3
1330733247.634074
 3
1330733247.634126
 3
1330733247.634177
 3
1330733247.634223
 3
1330733247.634270
 3
1330733247.634313
 3
1330733247.634360
 3
1330733247.634406
 3
1330733247.634435
 2
1330733247.675168
 2
1330733247.675204
 3
1330733247.675249
 3
1330733247.675302
 3
1330733247.675331
 2
1330733247.734538
 2
1330733247.734572
 3
1330733247.734618
 3
1330733247.734673
 3
1330733247.734720
 3
1330733247.734769
 3
1330733247.734824
 3
1330733247.734886
 3
1330733247.734935
 3
1330733247.734981
 3
1330733247.735029
 3
1330733247.735075
 3
1330733247.735123
 3
1330733247.735168
 3
1330733247.735215
 3
1330733247.735261
 3
1330733247.735308
 3
1330733247.735354
 3
1330733247.735400
 3
1330733247.735445
 3
1330733247.735491
 3
1330733247.735519
 2
1330733247.779459
 1
1330733247.824799
 2
1330733247.824866
 3
1330733247.824912
 3
1330733247.824956
 3
1330733247.825005
 3
1330733247.825053
 3
1330733247.825102
 3
1330733247.825156
 3
1330733247.825211
 3
1330733247.825266
 3
1330733247.825313
 3
1330733247.825362
 3
1330733247.825409
 3
1330733247.825457
 3
1330733247.825509
 3
1330733247.825561
 3
1330733247.825613
 3
1330733247.825664
 3
1330733247.825711
 3
1330733247.825759
 3
1330733247.825805
 3
1330733247.825873
 3
1330733247.825919
 3
1330733247.825965
 3
1330733247.826011
 3
1330733247.826057
 3
1330733247.826101
 3
1330733247.826148
 3
1330733247.826200
 3
1330733247.826251
 3
1330733247.826303
 3
1330733247.826355
 3
1330733247.826406
 3
1330733247.826453
 3
1330733247.826501
 3
1330733247.826553
 3
1330733247.826605
 3
1330733247.826657
 3
1330733247.826686
 2
1330733247.895759
 1
1330733247.916256
 2
1330733247.916275
 2
1330733247.916313
 3
1330733247.916361
 3
1330733247.916409
 3
1330733247.916457
 3
1330733247.916486
 2
1330733247.984507
 2
1330733247.984540
 3
1330733247.984579
 4
1330733247.984624
 4
1330733247.984674
 4
1330733247.984722
 4
1330733247.984771
 4
1330733247.984841
 4
1330733247.984886
 4
1330733247.984932
 4
1330733247.984987
 4
1330733247.985043
 4
1330733247.985099
 4
1330733247.985128
 3
1330733247.985168
 3
1330733247.985214
 3
1330733247.985262
 3
1330733247.985307
 3
1330733247.985354
 3
1330733247.985400
 3
1330733247.985447
 3
1330733247.985500
 3
1330733247.985551
 3
1330733247.985604
 3
1330733247.985656
 3
1330733247.985707
 3
1330733247.985760
 3
1330733247.985811
 3
1330733247.986008
 3
1330733247.986054
 3
1330733247.986100
 3
1330733247.986146
 3
1330733247.986192
 3
1330733247.986237
 3
1330733247.986283
 3
1330733247.986330
 3
1330733247.986378
 3
1330733247.986430
 3
1330733247.986480
 3
1330733247.986509
 2
1330733248.021156
 2
1330733248.021193
 3
1330733248.021239
 3
1330733248.021288
 3
1330733248.021343
 3
1330733248.021401
 3
1330733248.021455
 3
1330733248.021485
 2
1330733248.099081
 2
1330733248.099120
 3
1330733248.099168
 3
1330733248.099214
 3
1330733248.099263
 3
1330733248.099312
 3
1330733248.099360
 3
1330733248.099417
 3
1330733248.099465
 3
1330733248.099514
 3
1330733248.099560
 3
1330733248.099607
 3
1330733248.099654
 3
1330733248.099702
 3
1330733248.099750
 3
1330733248.099798
 3
1330733248.099868
 3
1330733248.099916
 3
1330733248.099969
 3
1330733248.100020
 3
1330733248.100073
 3
1330733248.100126
 3
1330733248.100178
 3
1330733248.100229
 3
1330733248.100282
 3
1330733248.100334
 3
1330733248.100382
 3
1330733248.100430
 3
1330733248.100476
 3
1330733248.100522
 3
1330733248.100567
 3
1330733248.100613
 3
1330733248.100658
 3
1330733248.100705
 3
1330733248.100750
 3
1330733248.100797
 3
1330733248.100871
 3
1330733248.100925
 3
1330733248.100972
 3
1330733248.101001
 2
1330733248.116033
 2
1330733248.116068
 3
1330733248.116115
 3
1330733248.116163
 3
1330733248.116211
 3
1330733248.116259
 3
1330733248.116306
 3
1330733248.116353
 3
1330733248.116381
 2
1330733248.181775
 2
1330733248.181809
 3
1330733248.181906
 3
1330733248.181935
 2
1330733248.222998
 2
1330733248.223033
 3
1330733248.223078
 3
1330733248.223130
 3
1330733248.223186
 3
1330733248.223242
 3
1330733248.223271
 2
1330733248.299538
 1
1330733248.324132
 2
1330733248.324148
 2
1330733248.324185
 3
1330733248.324230
 3
1330733248.324277
 3
1330733248.324323
 3
1330733248.324372
 3
1330733248.324416
 3
1330733248.324463
 3
1330733248.324518
 3
1330733248.324573
 3
1330733248.324619
 3
1330733248.324666
 3
1330733248.324712
 3
1330733248.324758
 3
1330733248.324803
 3
1330733248.324847
 2
1330733248.378475
 2
1330733248.378509
 3
1330733248.378555
 3
1330733248.378601
 3
1330733248.378650
 3
1330733248.378696
 3
1330733248.378743
 3
1330733248.378788
 3
1330733248.378850
 3
1330733248.378899
 3
1330733248.378945
 3
1330733248.378992
 3
1330733248.379038
 3
1330733248.379085
 3
1330733248.379113
 2
1330733248.433969
 2
1330733248.434002
 3
1330733248.434047
 3
1330733248.434102
 3
1330733248.434157
 3
1330733248.434213
 3
1330733248.434270
 3
1330733248.434325
 3
1330733248.434380
 3
1330733248.434433
 3
1330733248.434485
 3
1330733248.434538
 3
1330733248.434589
 3
1330733248.434637
 3
1330733248.434685
 3
1330733248.434736
 3
1330733248.434783
 3
1330733248.434844
 3
1330733248.434892
 3
1330733248.434938
 3
1330733248.434987
 3
1330733248.435039
 3
1330733248.435091
 3
1330733248.435138
 3
1330733248.435185
 3
1330733248.435232
 3
1330733248.435280
 3
1330733248.435326
 3
1330733248.435372
 3
1330733248.435417
 3
1330733248.435464
 3
1330733248.435508
 3
1330733248.435555
 3
1330733248.435601
 3
1330733248.435630
 2
1330733248.484731
 2
1330733248.484765
 3
1330733248.484811
 3
1330733248.484871
 3
1330733248.485078
 3
1330733248.485126
 3
1330733248.485208
 3
1330733248.485254
 3
1330733248.485336
 3
1330733248.485384
 3
1330733248.485463
 3
1330733248.485510
 3
1330733248.485670
 3
1330733248.485768
 3
1330733248.485888
 3
1330733248.486040
 3
1330733248.486078
 3
1330733248.486119
 3
1330733248.486166
 3
1330733248.486218
 3
1330733248.486269
 3
1330733248.486318
 3
1330733248.486368
 3
1330733248.486417
 3
1330733248.486468
 3
1330733248.486518
 3
1330733248.486566
 3
1330733248.486616
 3
1330733248.486666
 3
1330733248.486715
 3
1330733248.486765
 3
1330733248.486814
 3
1330733248.486887
 3
1330733248.486938
 3
1330733248.486988
 3
1330733248.487037
 3
1330733248.487088
 3
1330733248.487138
 3
1330733248.487189
 3
1330733248.487237
 3
1330733248.487288
 3
1330733248.487338
 3
1330733248.487388
 3
1330733248.487437
 3
1330733248.487487
 3
1330733248.487537
 3
1330733248.487586
 3
1330733248.487636
 3
1330733248.487685
 3
1330733248.487735
 3
1330733248.487785
 3
1330733248.487850
 3
1330733248.487901
 3
1330733248.487951
 3
1330733248.488004
 3
1330733248.488054
 3
1330733248.488085
 2
1330733248.530974
 2
1330733248.531010
 3
1330733248.531055
 3
1330733248.531083
 2
1330733248.600704
 2
1330733248.600742
 3
1330733248.600788
 3
1330733248.600849
 3
1330733248.600902
 3
1330733248.600960
 3
1330733248.601017
 3
1330733248.601076
 3
1330733248.601133
 3
1330733248.601186
 3
1330733248.601239
 3
1330733248.601287
 3
1330733248.601334
 3
1330733248.601382
 3
1330733248.601429
 3
1330733248.601477
 3
1330733248.601526
 3
1330733248.601570
 3
1330733248.601618
 3
1330733248.601664
 3
1330733248.601710
 3
1330733248.601755
 3
1330733248.601801
 3
1330733248.601861
 3
1330733248.601910
 3
1330733248.601963
 3
1330733248.602015
 3
1330733248.602068
 3
1330733248.602115
 3
1330733248.602164
 3
1330733248.602211
 3
1330733248.602259
 3
1330733248.602304
 3
1330733248.602333
 2
1330733248.624845
 2
1330733248.624880
 3
1330733248.624928
 3
1330733248.624975
 3
1330733248.625020
 3
1330733248.625068
 3
1330733248.625123
 3
1330733248.625171
 3
1330733248.625219
 3
1330733248.625274
 3
1330733248.625304
 2
1330733248.689066
 2
1330733248.689085
 2
1330733248.689123
 3
1330733248.689171
 3
1330733248.689219
 3
1330733248.689267
 3
1330733248.689314
 3
1330733248.689363
 3
1330733248.689419
 3
1330733248.689447
 2
1330733248.740982
 2
1330733248.741017
 3
1330733248.741057
 2
1330733248.781070
 2
1330733248.781104
 3
1330733248.781150
 3
1330733248.781201
 3
1330733248.781257
 3
1330733248.781312
 3
1330733248.781367
 3
1330733248.781422
 3
1330733248.781477
 3
1330733248.781530
 3
1330733248.781582
 3
1330733248.781633
 3
1330733248.781685
 3
1330733248.781737
 3
1330733248.781788
 3
1330733248.781850
 3
1330733248.781898
 3
1330733248.781945
 3
1330733248.781992
 3
1330733248.782040
 3
1330733248.782087
 3
1330733248.782116
 2
1330733248.846634
 2
1330733248.846667
 3
1330733248.846713
 3
1330733248.846758
 3
1330733248.846805
 3
1330733248.846867
 3
1330733248.846916
 3
1330733248.846962
 3
1330733248.847007
 3
1330733248.847052
 3
1330733248.847100
 3
1330733248.847129
 2
1330733248.872626
 2
1330733248.872661
 3
1330733248.872708
 3
1330733248.872755
 3
1330733248.872800
 3
1330733248.872842
 2
1330733248.927481
 2
1330733248.927515
 3
1330733248.927560
 3
1330733248.927615
 3
1330733248.927644
 2
1330733249.001727
 2
1330733249.001761
 3
1330733249.001799
 4
1330733249.001861
 4
1330733249.001901
 4
1330733249.001938
 5
1330733249.001983
 5
1330733249.002027
 5
1330733249.002072
 5
1330733249.002116
 5
1330733249.002144
 4
1330733249.002188
 4
1330733249.002233
 4
1330733249.002281
 4
1330733249.002327
 4
1330733249.002373
 4
1330733249.002419
 4
1330733249.002466
 4
1330733249.002513
 4
1330733249.002562
 4
1330733249.002609
 4
1330733249.002658
 4
1330733249.002705
 4
1330733249.002753
 4
1330733249.002805
 4
1330733249.002872
 4
1330733249.002921
 4
1330733249.002968
 4
1330733249.003015
 4
1330733249.003062
 4
1330733249.003109
 4
1330733249.003156
 4
1330733249.003203
 4
1330733249.003256
 4
1330733249.003303
 4
1330733249.003331
 3
1330733249.003368
 3
1330733249.003437
 3
1330733249.003484
 3
1330733249.003531
 3
1330733249.003578
 3
1330733249.003624
 3
1330733249.003670
 3
1330733249.003715
 3
1330733249.003744
 2
1330733249.039758
 2
1330733249.039793
 3
1330733249.039851
 3
1330733249.039898
 3
1330733249.039946
 3
1330733249.039993
 3
1330733249.040040
 3
1330733249.040085
 3
1330733249.040132
 3
1330733249.040177
 3
1330733249.040225
 3
1330733249.040271
 3
1330733249.040319
 3
1330733249.040366
 3
1330733249.040414
 3
1330733249.040462
 3
1330733249.040509
 3
1330733249.040555
 3
1330733249.040602
 3
1330733249.040629
 2
1330733249.081048
 2
1330733249.081081
 3
1330733249.081102
 3
1330733249.081137
 4
1330733249.081183
 4
1330733249.081227
 4
1330733249.081273
 4
1330733249.081324
 4
1330733249.081371
 4
1330733249.081418
 4
1330733249.081464
 4
1330733249.081513
 4
1330733249.081559
 4
1330733249.081612
 4
1330733249.081658
 4
1330733249.081705
 4
1330733249.081752
 4
1330733249.081800
 4
1330733249.081864
 4
1330733249.081908
 4
1330733249.081952
 4
1330733249.081981
 3
1330733249.082024
 3
1330733249.082070
 3
1330733249.082099
 2
1330733249.129405
 2
1330733249.129441
 3
1330733249.129486
 3
1330733249.129542
 3
1330733249.129588
 3
1330733249.129635
 3
1330733249.129680
 3
1330733249.129728
 3
1330733249.129784
 3
1330733249.129855
 3
1330733249.129908
 3
1330733249.129953
 3
1330733249.129999
 3
1330733249.130046
 3
1330733249.130093
 3
1330733249.130140
 3
1330733249.130187
 3
1330733249.130239
 3
1330733249.130292
 3
1330733249.130343
 3
1330733249.130395
 3
1330733249.130446
 3
1330733249.130499
 3
1330733249.130551
 3
1330733249.130603
 3
1330733249.130655
 3
1330733249.130707
 3
1330733249.130760
 3
1330733249.130811
 3
1330733249.130872
 3
1330733249.130920
 3
1330733249.130973
 3
1330733249.131024
 3
1330733249.131053
 2
1330733249.190847
 2
1330733249.190884
 3
1330733249.190939
 3
1330733249.190995
 3
1330733249.191051
 3
1330733249.191106
 3
1330733249.191161
 3
1330733249.191216
 3
1330733249.191268
 3
1330733249.191319
 3
1330733249.191373
 3
1330733249.191424
 3
1330733249.191475
 3
1330733249.191527
 3
1330733249.191579
 3
1330733249.191630
 3
1330733249.191681
 3
1330733249.191734
 3
1330733249.191786
 3
1330733249.191852
 3
1330733249.191903
 3
1330733249.191955
 3
1330733249.192007
 3
1330733249.192054
 3
1330733249.192101
 3
1330733249.192159
 3
1330733249.192206
 3
1330733249.192254
 3
1330733249.192301
 3
1330733249.192349
 3
1330733249.192402
 3
1330733249.192453
 3
1330733249.192506
 3
1330733249.192558
 3
1330733249.192611
 3
1330733249.192663
 3
1330733249.192714
 3
1330733249.192762
 3
1330733249.192809
 3
1330733249.192877
 3
1330733249.192929
 3
1330733249.192982
 3
1330733249.193034
 3
1330733249.193086
 3
1330733249.193132
 3
1330733249.193181
 3
1330733249.193232
 3
1330733249.193285
 3
1330733249.193331
 3
1330733249.193379
 3
1330733249.193426
 3
1330733249.193474
 3
1330733249.193527
 3
1330733249.193579
 3
1330733249.193632
 3
1330733249.193683
 3
1330733249.193735
 3
1330733249.193782
 3
1330733249.193842
 3
1330733249.193894
 3
1330733249.193946
 3
1330733249.193998
 3
1330733249.194050
 3
1330733249.194102
 3
1330733249.194155
 3
1330733249.194207
 3
1330733249.194260
 3
1330733249.194313
 3
1330733249.194366
 3
1330733249.194413
 3
1330733249.194461
 3
1330733249.194506
 3
1330733249.194552
 3
1330733249.194598
 3
1330733249.194644
 3
1330733249.194690
 3
1330733249.194736
 3
1330733249.194783
 3
1330733249.194844
 3
1330733249.194892
 3
1330733249.194938
 3
1330733249.194986
 3
1330733249.195039
 3
1330733249.195090
 3
1330733249.195142
 3
1330733249.195193
 3
1330733249.195245
 3
1330733249.195297
 3
1330733249.195349
 3
1330733249.195401
 3
1330733249.195452
 3
1330733249.195505
 3
1330733249.195555
 3
1330733249.195606
 3
1330733249.195658
 3
1330733249.195709
 3
1330733249.195738
 2
1330733249.232765
 2
1330733249.232801
 3
1330733249.232859
 3
1330733249.232915
 3
1330733249.232972
 3
1330733249.233027
 3
1330733249.233083
 3
1330733249.233138
 3
1330733249.233185
 3
1330733249.233234
 3
1330733249.233286
 3
1330733249.233338
 3
1330733249.233390
 3
1330733249.233442
 3
1330733249.233494
 3
1330733249.233546
 3
1330733249.233599
 3
1330733249.233650
 3
1330733249.233703
 3
1330733249.233755
 3
1330733249.233808
 3
1330733249.233873
 3
1330733249.233926
 3
1330733249.233978
 3
1330733249.234031
 3
1330733249.234082
 3
1330733249.234134
 3
1330733249.234186
 3
1330733249.234238
 3
1330733249.234286
 3
1330733249.234314
 2
1330733249.301476
 2
1330733249.301509
 3
1330733249.301547
 4
1330733249.301592
 4
1330733249.301638
 4
1330733249.301686
 4
1330733249.301733
 4
1330733249.301782
 4
1330733249.301851
 4
1330733249.301906
 4
1330733249.301961
 4
1330733249.302018
 4
1330733249.302070
 4
1330733249.302121
 4
1330733249.302174
 4
1330733249.302227
 4
1330733249.302256
 3
1330733249.302296
 3
1330733249.302341
 3
1330733249.302388
 3
1330733249.302434
 3
1330733249.302482
 3
1330733249.302532
 3
1330733249.302585
 3
1330733249.302632
 3
1330733249.302680
 3
1330733249.302726
 3
1330733249.302773
 3
1330733249.302824
 3
1330733249.302868
 2
1330733249.319373
 2
1330733249.319409
 3
1330733249.319455
 3
1330733249.319502
 3
1330733249.319547
 3
1330733249.319594
 3
1330733249.319640
 3
1330733249.319688
 3
1330733249.319733
 3
1330733249.319780
 3
1330733249.319824
 3
1330733249.319891
 3
1330733249.319937
 3
1330733249.319984
 3
1330733249.320031
 3
1330733249.320078
 3
1330733249.320130
 3
1330733249.320182
 3
1330733249.320234
 3
1330733249.320286
 3
1330733249.320338
 3
1330733249.320390
 3
1330733249.320436
 3
1330733249.320483
 3
1330733249.320536
 3
1330733249.320587
 3
1330733249.320634
 3
1330733249.320679
 3
1330733249.320725
 3
1330733249.320771
 3
1330733249.320823
 3
1330733249.320890
 3
1330733249.320942
 3
1330733249.320994
 3
1330733249.321046
 3
1330733249.321098
 3
1330733249.321145
 3
1330733249.321174
 2
1330733249.389108
 2
1330733249.389141
 3
1330733249.389177
 4
1330733249.389223
 4
1330733249.389274
 4
1330733249.389321
 4
1330733249.389368
 4
1330733249.389413
 4
1330733249.389442
 3
1330733249.389478
 3
1330733249.389522
 3
1330733249.389569
 3
1330733249.389617
 3
1330733249.389665
 3
1330733249.389712
 3
1330733249.389759
 3
1330733249.389812
 3
1330733249.389884
 3
1330733249.389937
 3
1330733249.389990
 3
1330733249.390042
 3
1330733249.390089
 3
1330733249.390136
 3
1330733249.390183
 3
1330733249.390237
 3
1330733249.390285
 3
1330733249.390333
 3
1330733249.390379
 3
1330733249.390424
 3
1330733249.390469
 3
1330733249.390516
 3
1330733249.390561
 3
1330733249.390608
 3
1330733249.390653
 3
1330733249.390699
 3
1330733249.390745
 3
1330733249.390792
 3
1330733249.390859
 3
1330733249.390889
 2
1330733249.438249
 2
1330733249.438284
 3
1330733249.438329
 3
1330733249.438380
 3
1330733249.438409
 2
1330733249.494906
 2
1330733249.494940
 3
1330733249.494984
 3
1330733249.495039
 3
1330733249.495094
 3
1330733249.495149
 3
1330733249.495201
 3
1330733249.495257
 3
1330733249.495311
 3
1330733249.495363
 3
1330733249.495415
 3
1330733249.495468
 3
1330733249.495519
 3
1330733249.495572
 3
1330733249.495624
 3
1330733249.495676
 3
1330733249.495728
 3
1330733249.495775
 3
1330733249.495823
 3
1330733249.495886
 3
1330733249.495934
 3
1330733249.495987
 3
1330733249.496015
 2
1330733249.531388
 2
1330733249.531435
 3
1330733249.531466
 2
1330733249.570968
 2
1330733249.571002
 3
1330733249.571047
 3
1330733249.571102
 3
1330733249.571131
 2
1330733249.635728
 2
1330733249.635764
 3
1330733249.635810
 3
1330733249.635871
 3
1330733249.635920
 3
1330733249.635965
 3
1330733249.636014
 3
1330733249.636070
 3
1330733249.636125
 3
1330733249.636181
 3
1330733249.636235
 3
1330733249.636287
 3
1330733249.636316
 2
1330733249.670302
 2
1330733249.670348
 3
1330733249.670398
 3
1330733249.670452
 3
1330733249.670507
 3
1330733249.670561
 3
1330733249.670614
 3
1330733249.670667
 3
1330733249.670721
 3
1330733249.670772
 3
1330733249.670822
 3
1330733249.670882
 3
1330733249.670911
 2
1330733249.717636
 2
1330733249.717679
 3
1330733249.717727
 3
1330733249.717779
 3
1330733249.717808
 2
1330733249.783308
 2
1330733249.783352
 3
1330733249.783400
 3
1330733249.783453
 3
1330733249.783499
 3
1330733249.783547
 3
1330733249.783594
 3
1330733249.783644
 3
1330733249.783691
 3
1330733249.783739
 3
1330733249.783782
 3
1330733249.783820
 4
1330733249.783878
 5
1330733249.783915
 6
1330733249.783959
 6
1330733249.784005
 6
1330733249.784050
 6
1330733249.784095
 6
1330733249.784142
 6
1330733249.784186
 6
1330733249.784231
 6
1330733249.784286
 6
1330733249.784315
 5
1330733249.784358
 5
1330733249.784403
 5
1330733249.784450
 5
1330733249.784497
 5
1330733249.784525
 4
1330733249.784564
 4
1330733249.784608
 4
1330733249.784655
 4
1330733249.784699
 4
1330733249.784746
 4
1330733249.784792
 4
1330733249.784821
 3
1330733249.784870
 3
1330733249.784916
 3
1330733249.784963
 3
1330733249.785009
 3
1330733249.785056
 3
1330733249.785103
 3
1330733249.785151
 3
1330733249.785198
 3
1330733249.785246
 3
1330733249.785298
 3
1330733249.785345
 3
1330733249.785393
 3
1330733249.785445
 3
1330733249.785497
 3
1330733249.785526
 2
1330733249.852869
 1
1330733249.890915
 2
1330733249.890959
 3
1330733249.891010
 3
1330733249.891064
 3
1330733249.891111
 3
1330733249.891160
 3
1330733249.891205
 3
1330733249.891254
 3
1330733249.891302
 3
1330733249.891351
 3
1330733249.891399
 3
1330733249.891428
 2
1330733249.943499
 2
1330733249.943543
 3
1330733249.943591
 3
1330733249.943640
 3
1330733249.943686
 3
1330733249.943736
 3
1330733249.943789
 3
1330733249.943857
 3
1330733249.943914
 3
1330733249.943968
 3
1330733249.944020
 3
1330733249.944070
 3
1330733249.944120
 3
1330733249.944170
 3
1330733249.944220
 3
1330733249.944248
 2
1330733249.975270
 2
1330733249.975315
 3
1330733249.975365
 3
1330733249.975415
 3
1330733249.975470
 3
1330733249.975524
 3
1330733249.975577
 3
1330733249.975631
 3
1330733249.975682
 3
1330733249.975731
 3
1330733249.975781
 3
1330733249.975850
 3
1330733249.975879
 2
1330733250.036860
 1
1330733250.069615
 2
1330733250.069661
 3
1330733250.069710
 3
1330733250.069765
 3
1330733250.069814
 3
1330733250.069888
 3
1330733250.069936
 3
1330733250.069984
 3
1330733250.070031
 3
1330733250.070080
 3
1330733250.070126
 3
1330733250.070174
 3
1330733250.070221
 3
1330733250.070270
 3
1330733250.070317
 3
1330733250.070362
 3
1330733250.070407
 3
1330733250.070455
 3
1330733250.070502
 3
1330733250.070551
 3
1330733250.070671
 3
1330733250.070699
 2
1330733250.118525
 2
1330733250.118570
 3
1330733250.118622
 3
1330733250.118674
 3
1330733250.118720
 3
1330733250.118769
 3
1330733250.118816
 3
1330733250.118888
 3
1330733250.118936
 3
1330733250.118984
 3
1330733250.119030
 3
1330733250.119078
 3
1330733250.119124
 3
1330733250.119171
 3
1330733250.119217
 3
1330733250.119264
 3
1330733250.119310
 3
1330733250.119357
 3
1330733250.119403
 3
1330733250.119453
 3
1330733250.119500
 3
1330733250.119549
 3
1330733250.119601
 3
1330733250.119654
 3
1330733250.119706
 3
1330733250.119755
 3
1330733250.119802
 3
1330733250.119866
 3
1330733250.119916
 3
1330733250.119963
 3
1330733250.120012
 3
1330733250.120059
 3
1330733250.120105
 3
1330733250.120149
 3
1330733250.120196
 3
1330733250.120241
 3
1330733250.120288
 3
1330733250.120335
 3
1330733250.120384
 3
1330733250.120437
 3
1330733250.120486
 3
1330733250.120534
 3
1330733250.120581
 3
1330733250.120630
 3
1330733250.120683
 3
1330733250.120730
 3
1330733250.120778
 3
1330733250.120841
 3
1330733250.120891
 3
1330733250.120937
 3
1330733250.120967
 2
1330733250.170038
 2
1330733250.170061
 2
1330733250.170102
 3
1330733250.170150
 3
1330733250.170199
 3
1330733250.170246
 3
1330733250.170295
 3
1330733250.170342
 3
1330733250.170391
 3
1330733250.170444
 3
1330733250.170498
 3
1330733250.170553
 3
1330733250.170606
 3
1330733250.170659
 3
1330733250.170707
 3
1330733250.170755
 3
1330733250.170807
 3
1330733250.170878
 3
1330733250.170925
 3
1330733250.170972
 3
1330733250.171018
 3
1330733250.171066
 3
1330733250.171112
 3
1330733250.171159
 3
1330733250.171205
 3
1330733250.171251
 3
1330733250.171279
 2
1330733250.216447
 2
1330733250.216482
 3
1330733250.216528
 3
1330733250.216583
 3
1330733250.216630
 3
1330733250.216677
 3
1330733250.216706
 2
1330733250.265571
 2
1330733250.265608
 3
1330733250.265654
 3
1330733250.265708
 3
1330733250.265765
 3
1330733250.265821
 3
1330733250.265886
 3
1330733250.265934
 3
1330733250.265983
 3
1330733250.266013
 2
1330733250.320538
 2
1330733250.320579
 3
1330733250.320628
 3
1330733250.320676
 3
1330733250.320722
 3
1330733250.320770
 3
1330733250.320815
 3
1330733250.320884
 3
1330733250.320929
 3
1330733250.320978
 3
1330733250.321026
 3
1330733250.321076
 3
1330733250.321122
 3
1330733250.321169
 3
1330733250.321214
 3
1330733250.321262
 3
1330733250.321308
 3
1330733250.321355
 3
1330733250.321401
 3
1330733250.321448
 3
1330733250.321496
 3
1330733250.321544
 3
1330733250.321590
 3
1330733250.321638
 3
1330733250.321686
 3
1330733250.321735
 3
1330733250.321787
 3
1330733250.321850
 3
1330733250.321900
 3
1330733250.321953
 3
1330733250.322001
 3
1330733250.322050
 3
1330733250.322097
 3
1330733250.322145
 3
1330733250.322193
 3
1330733250.322242
 3
1330733250.322289
 3
1330733250.322339
 3
1330733250.322387
 3
1330733250.322435
 3
1330733250.322483
 3
1330733250.322531
 3
1330733250.322583
 3
1330733250.322636
 3
1330733250.322683
 3
1330733250.322731
 3
1330733250.322761
 2
1330733250.395449
 2
1330733250.395500
 3
1330733250.395547
 3
1330733250.395606
 3
1330733250.395653
 3
1330733250.395701
 3
1330733250.395746
 3
1330733250.395795
 3
1330733250.395861
 3
1330733250.395913
 3
1330733250.395959
 3
1330733250.396006
 3
1330733250.396051
 3
1330733250.396099
 3
1330733250.396145
 3
1330733250.396194
 3
1330733250.396240
 3
1330733250.396287
 3
1330733250.396333
 3
1330733250.396382
 3
1330733250.396430
 3
1330733250.396478
 3
1330733250.396524
 3
1330733250.396573
 3
1330733250.396645
 3
1330733250.396693
 3
1330733250.396745
 3
1330733250.396797
 3
1330733250.396872
 3
1330733250.396901
 2
1330733250.439728
 2
1330733250.439763
 3
1330733250.439808
 3
1330733250.439868
 3
1330733250.439916
 3
1330733250.439945
 2
1330733250.489044
 2
1330733250.489078
 3
1330733250.489123
 3
1330733250.489177
 3
1330733250.489233
 3
1330733250.489289
 3
1330733250.489337
 3
1330733250.489385
 3
1330733250.489432
 3
1330733250.489481
 3
1330733250.489528
 3
1330733250.489577
 3
1330733250.489624
 3
1330733250.489671
 3
1330733250.489719
 3
1330733250.489768
 3
1330733250.489796
 2
1330733250.517207
 2
1330733250.517244
 3
1330733250.517291
 3
1330733250.517339
 3
1330733250.517384
 3
1330733250.517432
 3
1330733250.517479
 3
1330733250.517528
 3
1330733250.517584
 3
1330733250.517614
 2
1330733250.584288
 2
1330733250.584330
 3
1330733250.584387
 3
1330733250.584443
 3
1330733250.584472
 2
1330733250.616263
 2
1330733250.616299
 3
1330733250.616345
 3
1330733250.616399
 3
1330733250.616446
 3
1330733250.616496
 3
1330733250.616542
 3
1330733250.616590
 3
1330733250.616635
 3
1330733250.616683
 3
1330733250.616729
 3
1330733250.616779
 3
1330733250.616853
 3
1330733250.616904
 3
1330733250.616951
 3
1330733250.616999
 3
1330733250.617045
 3
1330733250.617091
 3
1330733250.617138
 3
1330733250.617186
 3
1330733250.617233
 3
1330733250.617280
 3
1330733250.617328
 3
1330733250.617376
 3
1330733250.617424
 3
1330733250.617472
 3
1330733250.617518
 3
1330733250.617566
 3
1330733250.617613
 3
1330733250.617661
 3
1330733250.617707
 3
1330733250.617756
 3
1330733250.617803
 3
1330733250.617871
 3
1330733250.617918
 3
1330733250.617964
 3
1330733250.618011
 3
1330733250.618060
 3
1330733250.618107
 3
1330733250.618155
 3
1330733250.618203
 3
1330733250.618252
 3
1330733250.618304
 3
1330733250.618358
 3
1330733250.618410
 3
1330733250.618458
 3
1330733250.618506
 3
1330733250.618558
 3
1330733250.618606
 3
1330733250.618654
 3
1330733250.618700
 3
1330733250.618749
 3
1330733250.618802
 3
1330733250.618870
 3
1330733250.618923
 3
1330733250.618975
 3
1330733250.619023
 3
1330733250.619071
 3
1330733250.619123
 3
1330733250.619151
 2
1330733250.681934
 2
1330733250.681974
 3
1330733250.682021
 3
1330733250.682069
 3
1330733250.682117
 3
1330733250.682166
 3
1330733250.682213
 3
1330733250.682262
 3
1330733250.682309
 3
1330733250.682357
 3
1330733250.682404
 3
1330733250.682452
 3
1330733250.682498
 3
1330733250.682548
 3
1330733250.682577
 2
1330733250.736398
 2
1330733250.736433
 3
1330733250.736461
 2
1330733250.736502
 3
1330733250.736549
 3
1330733250.736598
 3
1330733250.736645
 3
1330733250.736694
 3
1330733250.736749
 3
1330733250.736805
 3
1330733250.736869
 3
1330733250.736917
 3
1330733250.736965
 3
1330733250.736993
 2
1330733250.765542
 2
1330733250.765576
 3
1330733250.765621
 3
1330733250.765672
 3
1330733250.765719
 3
1330733250.765769
 3
1330733250.765824
 3
1330733250.765887
 3
1330733250.765938
 3
1330733250.765985
 3
1330733250.766033
 3
1330733250.766080
 3
1330733250.766129
 3
1330733250.766175
 3
1330733250.766220
 3
1330733250.766266
 3
1330733250.766312
 3
1330733250.766359
 3
1330733250.766407
 3
1330733250.766453
 3
1330733250.766499
 3
1330733250.766547
 3
1330733250.766594
 3
1330733250.766640
 3
1330733250.766686
 3
1330733250.766732
 3
1330733250.766780
 3
1330733250.766846
 3
1330733250.766894
 3
1330733250.766922
 2
1330733250.853483
 2
1330733250.853523
 3
1330733250.853570
 3
1330733250.853626
 3
1330733250.853675
 3
1330733250.853723
 3
1330733250.853772
 3
1330733250.853820
 3
1330733250.853884
 3
1330733250.853933
 3
1330733250.853962
 2
1330733250.899063
 2
1330733250.899098
 3
1330733250.899144
 3
1330733250.899195
 3
1330733250.899251
 3
1330733250.899307
 3
1330733250.899363
 3
1330733250.899418
 3
1330733250.899474
 3
1330733250.899527
 3
1330733250.899579
 3
1330733250.899631
 3
1330733250.899684
 3
1330733250.899736
 3
1330733250.899789
 3
1330733250.899853
 3
1330733250.899903
 3
1330733250.899951
 3
1330733250.899999
 3
1330733250.900046
 3
1330733250.900094
 3
1330733250.900140
 3
1330733250.900186
 3
1330733250.900231
 3
1330733250.900277
 3
1330733250.900322
 3
1330733250.900369
 3
1330733250.900416
 3
1330733250.900464
 3
1330733250.900511
 3
1330733250.900559
 3
1330733250.900605
 3
1330733250.900651
 3
1330733250.900695
 3
1330733250.900742
 3
1330733250.900789
 3
1330733250.900850
 3
1330733250.900898
 3
1330733250.900946
 3
1330733250.900994
 3
1330733250.901046
 3
1330733250.901099
 3
1330733250.901151
 3
1330733250.901203
 3
1330733250.901256
 3
1330733250.901308
 3
1330733250.901356
 3
1330733250.901403
 3
1330733250.901451
 3
1330733250.901499
 3
1330733250.901547
 3
1330733250.901594
 3
1330733250.901641
 3
1330733250.901689
 3
1330733250.901741
 3
1330733250.901793
 3
1330733250.901853
 3
1330733250.901904
 3
1330733250.901949
 3
1330733250.901995
 3
1330733250.902043
 3
1330733250.902071
 2
1330733250.953376
 2
1330733250.953410
 3
1330733250.953456
 3
1330733250.953510
 3
1330733250.953539
 2
1330733250.998287
 2
1330733250.998323
 3
1330733250.998368
 3
1330733250.998421
 3
1330733250.998477
 3
1330733250.998532
 3
1330733250.998586
 3
1330733250.998640
 3
1330733250.998696
 3
1330733250.998748
 3
1330733250.998799
 3
1330733250.998861
 3
1330733250.998905
 3
1330733250.998952
 3
1330733250.998998
 3
1330733250.999043
 3
1330733250.999090
 3
1330733250.999135
 3
1330733250.999180
 3
1330733250.999225
 3
1330733250.999272
 3
1330733250.999318
 3
1330733250.999364
 3
1330733250.999409
 3
1330733250.999455
 3
1330733250.999500
 3
1330733250.999547
 3
1330733250.999593
 3
1330733250.999641
 3
1330733250.999688
 3
1330733250.999736
 3
1330733250.999784
 3
1330733250.999850
 3
1330733250.999893
 3
1330733250.999942
 3
1330733250.999989
 3
1330733251.000037
 3
1330733251.000091
 3
1330733251.000143
 3
1330733251.000195
 3
1330733251.000242
 3
1330733251.000291
 3
1330733251.000343
 3
1330733251.000396
 3
1330733251.000443
 3
1330733251.000491
 3
1330733251.000537
 3
1330733251.000583
 3
1330733251.000629
 3
1330733251.000675
 3
1330733251.000723
 3
1330733251.000771
 3
1330733251.000817
 3
1330733251.000882
 3
1330733251.000910
 2
1330733251.013655
 2
1330733251.013697
 3
1330733251.013746
 3
1330733251.013794
 3
1330733251.013853
 3
1330733251.013911
 3
1330733251.013968
 3
1330733251.014025
 3
1330733251.014081
 3
1330733251.014138
 3
1330733251.014188
 3
1330733251.014236
 3
1330733251.014281
 3
1330733251.014327
 3
1330733251.014373
 3
1330733251.014420
 3
1330733251.014467
 3
1330733251.014496
 2
1330733251.087226
 2
1330733251.087266
 3
1330733251.087318
 3
1330733251.087373
 3
1330733251.087428
 3
1330733251.087483
 3
1330733251.087538
 3
1330733251.087592
 3
1330733251.087642
 3
1330733251.087692
 3
1330733251.087720
 2
1330733251.119991
 2
1330733251.120027
 3
1330733251.120074
 3
1330733251.120123
 3
1330733251.120182
 3
1330733251.120239
 3
1330733251.120296
 3
1330733251.120354
 3
1330733251.120410
 3
1330733251.120463
 3
1330733251.120491
 2
1330733251.199986
 2
1330733251.200018
 3
1330733251.200055
 4
1330733251.200101
 4
1330733251.200147
 4
1330733251.200195
 4
1330733251.200243
 4
1330733251.200291
 4
1330733251.200338
 4
1330733251.200386
 4
1330733251.200432
 4
1330733251.200480
 4
1330733251.200535
 4
1330733251.200591
 4
1330733251.200643
 4
1330733251.200695
 4
1330733251.200747
 4
1330733251.200793
 4
1330733251.200851
 4
1330733251.200898
 4
1330733251.200945
 4
1330733251.200973
 3
1330733251.201013
 3
1330733251.201058
 3
1330733251.201105
 3
1330733251.201153
 3
1330733251.201201
 3
1330733251.201247
 3
1330733251.201293
 3
1330733251.201338
 3
1330733251.201385
 3
1330733251.201432
 3
1330733251.201480
 3
1330733251.201532
 3
1330733251.201584
 3
1330733251.201637
 3
1330733251.201688
 3
1330733251.201717
 2
1330733251.227839
 2
1330733251.227876
 3
1330733251.227922
 3
1330733251.227970
 3
1330733251.228018
 3
1330733251.228066
 3
1330733251.228123
 3
1330733251.228178
 3
1330733251.228232
 3
1330733251.228289
 3
1330733251.228342
 3
1330733251.228395
 3
1330733251.228423
 2
1330733251.286641
 2
1330733251.286675
 3
1330733251.286720
 3
1330733251.286747
 2
1330733251.340959
 2
1330733251.340993
 3
1330733251.341038
 3
1330733251.341091
 3
1330733251.341121
 2
1330733251.384696
 2
1330733251.384730
 3
1330733251.384775
 3
1330733251.384842
 3
1330733251.384889
 3
1330733251.384941
 3
1330733251.384995
 3
1330733251.385051
 3
1330733251.385106
 3
1330733251.385162
 3
1330733251.385213
 3
1330733251.385265
 3
1330733251.385317
 3
1330733251.385368
 3
1330733251.385421
 3
1330733251.385474
 3
1330733251.385526
 3
1330733251.385580
 3
1330733251.385632
 3
1330733251.385684
 3
1330733251.385735
 3
1330733251.385782
 3
1330733251.385845
 3
1330733251.385894
 3
1330733251.385939
 3
1330733251.385985
 3
1330733251.386031
 3
1330733251.386077
 3
1330733251.386123
 3
1330733251.386172
 3
1330733251.386223
 3
1330733251.386276
 3
1330733251.386328
 3
1330733251.386380
 3
1330733251.386433
 3
1330733251.386486
 3
1330733251.386538
 3
1330733251.386590
 3
1330733251.386643
 3
1330733251.386694
 3
1330733251.386747
 3
1330733251.386800
 3
1330733251.386870
 3
1330733251.386923
 3
1330733251.386970
 3
1330733251.387017
 3
1330733251.387065
 3
1330733251.387113
 3
1330733251.387159
 3
1330733251.387188
 2
1330733251.425635
 2
done here
