 1330732734.888258
 0 
 1330732734.951859
 1 
 1330732734.983979
 2 
 1330732734.984040
 2 
 1330732734.984123
 2 
 1330732734.984203
 2 
 1330732735.049528
 3 
 1330732735.049590
 3 
 1330732735.154676
 5 
 1330732735.154746
 5 
 1330732735.155031
 5 
 1330732735.155194
 5 
 1330732735.155263
 5 
 1330732735.155344
 5 
 1330732735.155423
 5 
 1330732735.155495
 5 
 1330732735.155575
 5 
 1330732735.155753
 5 
 1330732735.176098
 6 
 1330732735.176168
 6 
 1330732735.298926
 8 
 1330732735.298992
 8 
 1330732735.299161
 8 
 1330732735.299312
 8 
 1330732735.299386
 8 
 1330732735.329308
 9 
 1330732735.387294
 10 
 1330732735.387347
 10 
 1330732735.387562
 10 
 1330732735.432788
 11 
 1330732735.506330
 12 
 1330732735.543626
 13 
 1330732735.543696
 13 
 1330732735.543886
 13 
 1330732735.543954
 13 
 1330732735.544116
 13 
 1330732735.544265
 13 
 1330732735.544415
 13 
 1330732735.573874
 14 
 1330732735.573936
 14 
 1330732735.574137
 14 
 1330732735.574254
 14 
 1330732735.574326
 14 
 1330732735.618855
 15 
 1330732735.618925
 15 
 1330732735.619181
 15 
 1330732735.673689
 16 
 1330732735.724465
 17 
 1330732735.773384
 18 
 1330732735.858160
 19 
 1330732735.942703
 21 
 1330732735.942754
 21 
 1330732735.942961
 21 
 1330732735.943030
 21 
 1330732735.943109
 21 
 1330732735.993708
 22 
 1330732736.037951
 23 
 1330732736.079895
 24 
 1330732736.300534
 28 
 1330732736.320995
 29 
 1330732736.627750
 35 
 1330732736.728885
 37 
 1330732736.783216
 38 
 1330732736.838704
 39 
 1330732736.889473
 40 
 1330732737.005448
 42 
 1330732737.029572
 43 
 1330732737.093817
 44 
 1330732737.145727
 45 
 1330732737.185804
 46 
 1330732737.251369
 47 
 1330732737.277357
 48 
 1330732737.332207
 49 
 1330732737.406479
 50 
 1330732737.444491
 51 
 1330732737.485785
 52 
 1330732737.706275
 56 
 1330732737.793906
 58 
 1330732737.843023
 59 
 1330732737.899690
 60 
 1330732737.936100
 61 
 1330732738.040457
 63 
 1330732738.075019
 64 
 1330732738.122358
 65 
 1330732738.257593
 67 
 1330732738.348206
 69 
 1330732738.379967
 70 
 1330732738.523233
 73 
 1330732738.574767
 74 
 1330732738.670301
 76 
 1330732738.725252
 77 
 1330732738.844477
 79 
 1330732738.893790
 80 
 1330732738.989054
 82 
 1330732739.086679
 84 
 1330732739.141199
 85 
 1330732739.170294
 86 
 1330732739.258219
 87 
 1330732739.403055
 90 
 1330732739.418394
 91 
 1330732739.491976
 92 
 1330732739.524766
 93 
 1330732739.604740
 94 
 1330732739.632559
 95 
 1330732739.691407
 96 
 1330732739.789453
 98 
 1330732739.830390
 99 
 1330732739.891320
 100 
 1330732739.948165
 101 
 1330732739.969653
 102 
 1330732740.051566
 103 
 1330732740.103149
 104 
 1330732740.157404
 105 
 1330732740.204354
 106 
 1330732740.274774
 108 
 1330732740.353788
 109 
 1330732740.496252
 112 
 1330732740.531368
 113 
 1330732740.571186
 114 
 1330732740.627165
 115 
 1330732740.688650
 116 
 1330732740.729407
 117 
 1330732740.796992
 118 
 1330732740.905987
 120 
 1330732740.931670
 121 
 1330732741.032016
 123 
 1330732741.101550
 124 
 1330732741.145211
 125 
 1330732741.246696
 127 
 1330732741.334774
 129 
 1330732741.395181
 130 
 1330732741.432092
 131 
 1330732741.492584
 132 
 1330732741.547458
 133 
 1330732741.694381
 136 
 1330732741.778647
 138 
 1330732741.845650
 139 
 1330732741.872672
 140 
 1330732741.941282
 141 
 1330732742.049247
 143 
 1330732742.081409
 144 
 1330732742.225742
 147 
 1330732742.306561
 148 
 1330732742.348810
 149 
 1330732742.373060
 150 
 1330732742.433563
 151 
 1330732742.505939
 152 
 1330732742.599977
 154 
 1330732742.630135
 155 
 1330732742.704603
 156 
 1330732742.886789
 160 
 1330732742.938067
 161 
 1330732742.975446
 162 
 1330732743.092351
 164 
 1330732743.151746
 165 
 1330732743.238158
 167 
 1330732743.273740
 168 
 1330732743.331209
 169 
 1330732743.404557
 170 
 1330732743.451686
 171 
 1330732743.488059
 172 
 1330732743.624266
 175 
 1330732743.672561
 176 
 1330732743.732756
 177 
 1330732743.781462
 178 
 1330732743.835313
 179 
 1330732743.891568
 180 
 1330732743.987715
 182 
 1330732744.053537
 183 
 1330732744.088923
 184 
 1330732744.140518
 185 
 1330732744.201414
 186 
 1330732744.297393
 188 
 1330732744.357610
 189 
 1330732744.404119
 190 
 1330732744.499547
 192 
 1330732744.529957
 193 
 1330732744.602926
 194 
 1330732744.620180
 195 
 1330732744.707671
 196 
 1330732744.802850
 198 
 1330732744.822197
 199 
 1330732744.950595
 201 
 1330732744.970271
 202 
 1330732745.036522
 203 
 1330732745.095914
 204 
 1330732745.122999
 205 
 1330732745.191379
 206 
 1330732745.242030
 207 
 1330732745.280383
 208 
 1330732745.337289
 209 
 1330732745.392607
 210 
 1330732745.442988
 211 
 1330732745.477569
 212 
 1330732745.521021
 213 
 1330732745.605163
 214 
 1330732745.701283
 216 
 1330732745.732498
 217 
 1330732745.781983
 218 
 1330732745.844580
 219 
 1330732745.980539
 222 
 1330732746.026135
 223 
 1330732746.072609
 224 
 1330732746.176227
 226 
 1330732746.230858
 227 
 1330732746.277455
 228 
 1330732746.339522
 229 
 1330732746.390452
 230 
 1330732746.433417
 231 
 1330732746.480429
 232 
 1330732746.528632
 233 
 1330732746.645691
 235 
 1330732746.744053
 237 
 1330732746.789530
 238 
 1330732746.842970
 239 
 1330732746.888955
 240 
 1330732746.932694
 241 
 1330732747.000307
 242 
 1330732747.024334
 243 
 1330732747.070756
 244 
 1330732747.125717
 245 
 1330732747.196262
 246 
 1330732747.218269
 247 
 1330732747.280435
 248 
 1330732747.344423
 249 
 1330732747.375460
 250 
 1330732747.444901
 251 
 1330732747.553631
 253 
 1330732747.574510
 254 
 1330732747.651376
 255 
 1330732747.802972
 258 
 1330732747.847771
 259 
 1330732747.877530
 260 
 1330732747.987985
 262 
 1330732748.055775
 263 
 1330732748.100776
 264 
 1330732748.144492
 265 
 1330732748.205654
 266 
 1330732748.253177
 267 
 1330732748.293710
 268 
 1330732748.349229
 269 
 1330732748.378716
 270 
 1330732748.437056
 271 
 1330732748.500031
 272 
 1330732748.584708
 274 
 1330732748.642086
 275 
 1330732748.689762
 276 
 1330732749.000799
 282 
 1330732749.128094
 285 
 1330732749.168925
 286 
 1330732749.241136
 287 
 1330732749.337319
 289 
 1330732749.370541
 290 
 1330732749.443818
 291 
 1330732749.477097
 292 
 1330732749.543401
 293 
 1330732749.597732
 294 
 1330732749.635762
 295 
 1330732749.754163
 297 
 1330732749.781528
 298 
 1330732749.826974
 299 
 1330732749.906194
 300 
 1330732750.181484
 306 
 1330732750.240616
 307 
 1330732750.293070
 308 
 1330732750.394365
 310 
 1330732750.426610
 311 
 1330732750.502796
 312 
 1330732750.594080
 314 
 1330732750.670546
 316 
 1330732750.740766
 317 
 1330732750.768944
 318 
 1330732750.818542
 319 
 1330732750.892247
 320 
 1330732750.953663
 321 
 1330732750.975112
 322 
 1330732751.037722
 323 
 1330732751.093757
 324 
 1330732751.124399
 325 
 1330732751.203467
 326 
 1330732751.254223
 327 
 1330732751.287222
 328 
 1330732751.356055
 329 
 1330732751.402818
 330 
 1330732751.403028
 330 
 1330732751.403051
 330 
 1330732751.403365
 330 
 1330732751.403650
 330 
 1330732751.403973
 330 
 1330732751.404103
 330 
 1330732751.446928
 331 
 1330732751.593251
 334 
 1330732751.623250
 335 
 1330732751.724633
 337 
 1330732751.854797
 339 
 1330732751.892754
 340 
 1330732751.934447
 341 
 1330732752.090870
 344 
 1330732752.119577
 345 
 1330732752.232442
 347 
 1330732752.232513
 347 
 1330732752.232810
 347 
 1330732752.233000
 347 
 1330732752.269623
 348 
 1330732752.269686
 348 
 1330732752.269957
 348 
 1330732752.326222
 349 
 1330732752.396175
 350 
 1330732752.481850
 352 
 1330732752.654384
 355 
 1330732752.698285
 356 
 1330732752.750572
 357 
 1330732752.791858
 358 
 1330732752.822236
 359 
 1330732752.877947
 360 
 1330732753.086971
 364 
 1330732753.141663
 365 
 1330732753.191562
 366 
 1330732753.250866
 367 
 1330732753.347367
 369 
 1330732753.439738
 371 
 1330732753.505461
 372 
 1330732753.526408
 373 
 1330732753.584231
 374 
 1330732753.645384
 375 
 1330732753.685939
 376 
 1330732753.776761
 378 
 1330732753.868862
 380 
 1330732753.952279
 381 
 1330732753.981034
 382 
 1330732754.121151
 385 
 1330732754.203792
 386 
 1330732754.239430
 387 
 1330732754.239698
 387 
 1330732754.239748
 387 
 1330732754.240059
 387 
 1330732754.240416
 387 
 1330732754.306765
 388 
 1330732754.308244
 388 
 1330732754.309505
 388 
 1330732754.310675
 388 
 1330732754.310700
 388 
 1330732754.310999
 388 
 1330732754.311316
 388 
 1330732754.311344
 388 
 1330732754.311366
 388 
 1330732754.312371
 388 
 1330732754.312846
 388 
 1330732754.312870
 388 
 1330732754.312892
 388 
 1330732754.313374
 388 
 1330732754.313404
 388 
 1330732754.314144
 388 
 1330732754.314174
 388 
 1330732754.314704
 388 
 1330732754.315214
 388 
 1330732754.316168
 388 
 1330732754.316822
 388 
 1330732754.316875
 388 
 1330732754.316906
 388 
 1330732754.316936
 388 
 1330732754.316970
 388 
 1330732754.317002
 388 
 1330732754.317034
 388 
 1330732754.317065
 388 
 1330732754.317097
 388 
 1330732754.317127
 388 
 1330732754.317157
 388 
 1330732754.317189
 388 
 1330732754.317220
 388 
 1330732754.317248
 388 
 1330732754.317278
 388 
 1330732754.317315
 388 
 1330732754.317346
 388 
 1330732754.317376
 388 
 1330732754.317406
 388 
 1330732754.317442
 388 
 1330732754.317473
 388 
 1330732754.317502
 388 
 1330732754.317532
 388 
 1330732754.317563
 388 
 1330732754.317593
 388 
 1330732754.317621
 388 
 1330732754.317650
 388 
 1330732754.317681
 388 
 1330732754.317717
 388 
 1330732754.317746
 388 
 1330732754.317778
 388 
 1330732754.317806
 388 
 1330732754.317854
 388 
 1330732754.317880
 388 
 1330732754.317902
 388 
 1330732754.317923
 388 
 1330732754.317944
 388 
 1330732754.317969
 388 
 1330732754.317999
 388 
 1330732754.318030
 388 
 1330732754.318059
 388 
 1330732754.318088
 388 
 1330732754.318118
 388 
 1330732754.318149
 388 
 1330732754.318177
 388 
 1330732754.318207
 388 
 1330732754.318237
 388 
 1330732754.318268
 388 
 1330732754.318296
 388 
 1330732754.318326
 388 
 1330732754.318359
 388 
 1330732754.318388
 388 
 1330732754.318418
 388 
 1330732754.318447
 388 
 1330732754.318478
 388 
 1330732754.318589
 388 
 1330732754.318974
 388 
 1330732754.319166
 388 
 1330732754.319306
 388 
 1330732754.319410
 388 
 1330732754.319545
 388 
 1330732754.319642
 388 
 1330732754.319737
 388 
 1330732754.319806
 388 
 1330732754.319897
 388 
 1330732754.319964
 388 
 1330732754.320026
 388 
 1330732754.320088
 388 
 1330732754.320150
 388 
 1330732754.320215
 388 
 1330732754.320305
 388 
 1330732754.320423
 388 
 1330732754.320487
 388 
 1330732754.320602
 388 
 1330732754.320692
 388 
 1330732754.320757
 388 
 1330732754.320814
 388 
 1330732754.320896
 388 
 1330732754.320959
 388 
 1330732754.321021
 388 
 1330732754.321083
 388 
 1330732754.321147
 388 
 1330732754.321209
 388 
 1330732754.321295
 388 
 1330732754.321357
 388 
 1330732754.321423
 388 
 1330732754.321483
 388 
 1330732754.321547
 388 
 1330732754.321606
 388 
 1330732754.321670
 388 
 1330732754.321731
 388 
 1330732754.321825
 388 
 1330732754.321931
 388 
 1330732754.321997
 388 
 1330732754.322141
 388 
 1330732754.322199
 388 
 1330732754.322287
 388 
 1330732754.322345
 388 
 1330732754.322463
 388 
 1330732754.322524
 388 
 1330732754.322582
 388 
 1330732754.322645
 388 
 1330732754.322707
 388 
 1330732754.322797
 388 
 1330732754.322898
 388 
 1330732754.323051
 388 
 1330732754.323152
 388 
 1330732754.323252
 388 
 1330732754.323611
 388 
 1330732754.323713
 388 
 1330732754.323842
 388 
 1330732754.323943
 388 
 1330732754.324042
 388 
 1330732754.324148
 388 
 1330732754.324254
 388 
 1330732754.324584
 388 
 1330732754.324686
 388 
 1330732754.324794
 388 
 1330732754.324915
 388 
 1330732754.325016
 388 
 1330732754.325120
 388 
 1330732754.325269
 388 
 1330732754.325378
 388 
 1330732754.325477
 388 
 1330732754.325638
 388 
 1330732754.325750
 388 
 1330732754.325885
 388 
 1330732754.326051
 388 
 1330732754.326146
 388 
 1330732754.326259
 388 
 1330732754.326373
 388 
 1330732754.326489
 388 
 1330732754.326591
 388 
 1330732754.326704
 388 
 1330732754.326807
 388 
 1330732754.326934
 388 
 1330732754.327047
 388 
 1330732754.327412
 388 
 1330732754.327568
 388 
 1330732754.327661
 388 
 1330732754.327953
 388 
 1330732754.328054
 388 
 1330732754.328229
 388 
 1330732754.328331
 388 
 1330732754.328445
 388 
 1330732754.328555
 388 
 1330732754.328664
 388 
 1330732754.328775
 388 
 1330732754.328890
 388 
 1330732754.329006
 388 
 1330732754.329125
 388 
 1330732754.329232
 388 
 1330732754.329404
 388 
 1330732754.329504
 388 
 1330732754.329615
 388 
 1330732754.329727
 388 
 1330732754.329846
 388 
 1330732754.329953
 388 
 1330732754.330057
 388 
 1330732754.330186
 388 
 1330732754.330358
 388 
 1330732754.330455
 388 
 1330732754.330556
 388 
 1330732754.330650
 388 
 1330732754.330752
 388 
 1330732754.330872
 388 
 1330732754.330988
 388 
 1330732754.331089
 388 
 1330732754.331192
 388 
 1330732754.331375
 388 
 1330732754.331927
 389 
 1330732754.369943
 390 
 1330732754.418377
 391 
 1330732754.479909
 392 
 1330732754.586884
 394 
 1330732754.625825
 395 
 1330732754.705120
 396 
 1330732754.721555
 397 
 1330732754.796633
 398 
 1330732754.902930
 400 
 1330732754.999291
 402 
 1330732755.041338
 403 
 1330732755.097929
 404 
 1330732755.229172
 407 
 1330732755.300568
 408 
 1330732755.348062
 409 
 1330732755.375126
 410 
 1330732755.448620
 411 
 1330732755.507479
 412 
 1330732755.531895
 413 
 1330732755.586465
 414 
 1330732755.644369
 415 
 1330732755.692208
 416 
 1330732755.822795
 419 
 1330732755.944918
 421 
 1330732755.980676
 422 
 1330732756.048950
 423 
 1330732756.069722
 424 
 1330732756.134160
 425 
 1330732756.186291
 426 
 1330732756.230541
 427 
 1330732756.268397
 428 
 1330732756.323234
 429 
 1330732756.371542
 430 
 1330732756.449620
 431 
 1330732756.504596
 432 
 1330732756.520680
 433 
 1330732756.589290
 434 
 1330732756.655323
 435 
 1330732756.743732
 437 
 1330732756.789764
 438 
 1330732756.851071
 439 
 1330732756.983463
 442 
 1330732757.050566
 443 
 1330732757.098099
 444 
 1330732757.152154
 445 
 1330732757.196753
 446 
 1330732757.238820
 447 
 1330732757.288285
 448 
 1330732757.345207
 449 
 1330732757.423755
 451 
 1330732757.476027
 452 
 1330732757.630732
 455 
 1330732757.703736
 456 
 1330732757.737374
 457 
 1330732757.776169
 458 
 1330732757.844512
 459 
 1330732757.877061
 460 
 1330732758.040648
 463 
 1330732758.145172
 465 
 1330732758.201499
 466 
 1330732758.249107
 467 
 1330732758.291790
 468 
 1330732758.348728
 469 
 1330732758.453422
 471 
 1330732758.475340
 472 
 1330732758.535925
 473 
 1330732758.631218
 475 
 1330732758.750408
 477 
 1330732759.003463
 482 
 1330732759.036601
 483 
 1330732759.079914
 484 
 1330732759.128016
 485 
 1330732759.180218
 486 
 1330732759.248151
 487 
 1330732759.352534
 489 
 1330732759.379902
 490 
 1330732759.418282
 491 
 1330732759.479720
 492 
 1330732759.544204
 493 
 1330732759.656572
 495 
 1330732759.672700
 496 
 1330732759.726458
 497 
 1330732759.789619
 498 
 1330732759.836807
 499 
timeout.
packet count: 612 
