 1330732781.326859
 0 
 1330732781.390424
 1 
 1330732781.422560
 2 
 1330732781.488154
 3 
 1330732781.538739
 4 
 1330732781.593259
 5 
 1330732781.670198
 7 
 1330732781.737510
 8 
 1330732781.871395
 11 
 1330732781.944929
 12 
 1330732781.982261
 13 
 1330732782.012482
 14 
 1330732782.057445
 15 
 1330732782.112331
 16 
 1330732782.163105
 17 
 1330732782.212023
 18 
 1330732782.296744
 19 
 1330732782.327298
 20 
 1330732782.432297
 22 
 1330732782.476524
 23 
 1330732782.622794
 26 
 1330732782.668114
 27 
 1330732782.739091
 28 
 1330732782.759568
 29 
 1330732782.827825
 30 
 1330732782.942395
 32 
 1330732782.959345
 33 
 1330732783.025084
 34 
 1330732783.066311
 35 
 1330732783.167482
 37 
 1330732783.221796
 38 
 1330732783.277287
 39 
 1330732783.328051
 40 
 1330732783.374290
 41 
 1330732783.444016
 42 
 1330732783.468154
 43 
 1330732783.532374
 44 
 1330732783.584299
 45 
 1330732783.689958
 47 
 1330732783.715936
 48 
 1330732783.770795
 49 
 1330732783.845045
 50 
 1330732783.883071
 51 
 1330732783.972743
 53 
 1330732784.034149
 54 
 1330732784.076078
 55 
 1330732784.162746
 57 
 1330732784.232475
 58 
 1330732784.281606
 59 
 1330732784.338275
 60 
 1330732784.479065
 63 
 1330732784.513567
 64 
 1330732784.560905
 65 
 1330732784.626610
 66 
 1330732784.696202
 67 
 1330732784.786784
 69 
 1330732784.818550
 70 
 1330732784.880162
 71 
 1330732785.059778
 75 
 1330732785.108885
 76 
 1330732785.427630
 82 
 1330732785.525234
 84 
 1330732785.579723
 85 
 1330732785.608868
 86 
 1330732785.696785
 87 
 1330732785.796707
 89 
 1330732785.841602
 90 
 1330732785.856947
 91 
 1330732785.930539
 92 
 1330732785.963300
 93 
 1330732786.043314
 94 
 1330732786.071149
 95 
 1330732786.072206
 95 
 1330732786.072445
 95 
 1330732786.074155
 95 
 1330732786.076168
 95 
 1330732786.076201
 95 
 1330732786.076454
 95 
 1330732786.076483
 95 
 1330732786.076505
 95 
 1330732786.076524
 95 
 1330732786.076543
 95 
 1330732786.076563
 95 
 1330732786.076582
 95 
 1330732786.076602
 95 
 1330732786.076620
 95 
 1330732786.076640
 95 
 1330732786.076660
 95 
 1330732786.076679
 95 
 1330732786.076697
 95 
 1330732786.076716
 95 
 1330732786.076735
 95 
 1330732786.076754
 95 
 1330732786.076773
 95 
 1330732786.076791
 95 
 1330732786.076810
 95 
 1330732786.076846
 95 
 1330732786.076866
 95 
 1330732786.076885
 95 
 1330732786.076903
 95 
 1330732786.076922
 95 
 1330732786.076943
 95 
 1330732786.076962
 95 
 1330732786.076981
 95 
 1330732786.077000
 95 
 1330732786.077102
 95 
 1330732786.077178
 95 
 1330732786.077252
 95 
 1330732786.077409
 95 
 1330732786.077508
 95 
 1330732786.077578
 95 
 1330732786.077654
 95 
 1330732786.077722
 95 
 1330732786.077888
 95 
 1330732786.077964
 95 
 1330732786.078013
 95 
 1330732786.078142
 95 
 1330732786.078214
 95 
 1330732786.078288
 95 
 1330732786.078361
 95 
 1330732786.078410
 95 
 1330732786.078458
 95 
 1330732786.078513
 95 
 1330732786.078588
 95 
 1330732786.078673
 95 
 1330732786.078788
 95 
 1330732786.078879
 95 
 1330732786.078993
 95 
 1330732786.079115
 95 
 1330732786.079224
 95 
 1330732786.079305
 95 
 1330732786.079448
 95 
 1330732786.079517
 95 
 1330732786.079596
 95 
 1330732786.079753
 95 
 1330732786.079842
 95 
 1330732786.080035
 95 
 1330732786.080107
 95 
 1330732786.080306
 95 
 1330732786.080620
 95 
 1330732786.080741
 95 
 1330732786.081158
 95 
 1330732786.081253
 95 
 1330732786.081348
 95 
 1330732786.081430
 95 
 1330732786.081513
 95 
 1330732786.081609
 95 
 1330732786.081787
 95 
 1330732786.081956
 95 
 1330732786.082074
 95 
 1330732786.082410
 95 
 1330732786.082573
 95 
 1330732786.082666
 95 
 1330732786.082819
 95 
 1330732786.083143
 95 
 1330732786.083260
 95 
 1330732786.083330
 95 
 1330732786.083409
 95 
 1330732786.083526
 95 
 1330732786.083619
 95 
 1330732786.083950
 95 
 1330732786.084152
 95 
 1330732786.084211
 95 
 1330732786.084257
 95 
 1330732786.084303
 95 
 1330732786.084356
 95 
 1330732786.084402
 95 
 1330732786.129991
 96 
 1330732786.184313
 97 
 1330732786.228031
 98 
 1330732786.268972
 99 
 1330732786.329885
 100 
 1330732786.408243
 102 
 1330732786.490131
 103 
 1330732786.541712
 104 
 1330732786.642923
 106 
 1330732786.644709
 106 
 1330732786.645845
 106 
 1330732786.645875
 106 
 1330732786.646765
 106 
 1330732786.646802
 106 
 1330732786.647072
 106 
 1330732786.647137
 106 
 1330732786.647159
 106 
 1330732786.647178
 106 
 1330732786.647198
 106 
 1330732786.647217
 106 
 1330732786.647235
 106 
 1330732786.647254
 106 
 1330732786.647273
 106 
 1330732786.647293
 106 
 1330732786.647311
 106 
 1330732786.647330
 106 
 1330732786.647349
 106 
 1330732786.647367
 106 
 1330732786.647386
 106 
 1330732786.647404
 106 
 1330732786.647424
 106 
 1330732786.647443
 106 
 1330732786.647463
 106 
 1330732786.647482
 106 
 1330732786.647501
 106 
 1330732786.647532
 106 
 1330732786.647560
 106 
 1330732786.647671
 106 
 1330732786.647911
 106 
 1330732786.648076
 106 
 1330732786.648255
 106 
 1330732786.648473
 106 
 1330732786.648642
 106 
 1330732786.648813
 106 
 1330732786.649086
 106 
 1330732786.649333
 106 
 1330732786.649519
 106 
 1330732786.649683
 106 
 1330732786.649853
 106 
 1330732786.650027
 106 
 1330732786.650190
 106 
 1330732786.650427
 106 
 1330732786.650579
 106 
 1330732786.650744
 106 
 1330732786.650950
 106 
 1330732786.651115
 106 
 1330732786.651276
 106 
 1330732786.651446
 106 
 1330732786.651606
 106 
 1330732786.651781
 106 
 1330732786.652046
 106 
 1330732786.652209
 106 
 1330732786.652369
 106 
 1330732786.652747
 106 
 1330732786.652961
 106 
 1330732786.653142
 106 
 1330732786.653399
 106 
 1330732786.653561
 106 
 1330732786.653718
 106 
 1330732786.653918
 106 
 1330732786.654083
 106 
 1330732786.654241
 106 
 1330732786.654409
 106 
 1330732786.654583
 106 
 1330732786.654754
 106 
 1330732786.654940
 106 
 1330732786.655100
 106 
 1330732786.655369
 106 
 1330732786.655588
 106 
 1330732786.655756
 106 
 1330732786.656434
 106 
 1330732786.656791
 106 
 1330732786.656962
 106 
 1330732786.657133
 106 
 1330732786.657376
 106 
 1330732786.657541
 106 
 1330732786.657702
 106 
 1330732786.657888
 106 
 1330732786.658058
 106 
 1330732786.658217
 106 
 1330732786.658377
 106 
 1330732786.658634
 106 
 1330732786.658790
 106 
 1330732786.658968
 106 
 1330732786.659137
 106 
 1330732786.683459
 107 
 1330732786.713335
 108 
 1330732786.792353
 109 
 1330732786.881966
 111 
 1330732786.934809
 112 
 1330732786.969924
 113 
 1330732787.065723
 115 
 1330732787.167972
 117 
 1330732787.235555
 118 
 1330732787.275634
 119 
 1330732787.344556
 120 
 1330732787.370225
 121 
 1330732787.424157
 122 
 1330732787.470572
 123 
 1330732787.540099
 124 
 1330732787.583795
 125 
 1330732787.626053
 126 
 1330732787.685266
 127 
 1330732787.731660
 128 
 1330732787.773332
 129 
 1330732787.833737
 130 
 1330732787.870661
 131 
 1330732787.931162
 132 
 1330732787.986003
 133 
 1330732788.036400
 134 
 1330732788.132944
 136 
 1330732788.178068
 137 
 1330732788.217193
 138 
 1330732788.311234
 140 
 1330732788.487850
 143 
 1330732788.519961
 144 
 1330732788.639890
 146 
 1330732788.745141
 148 
 1330732788.787370
 149 
 1330732788.811616
 150 
 1330732789.038528
 154 
 1330732789.068669
 155 
 1330732789.176718
 157 
 1330732789.213291
 158 
 1330732789.291364
 159 
 1330732789.325321
 160 
 1330732789.413992
 162 
 1330732789.485892
 163 
 1330732789.530892
 164 
 1330732789.613905
 166 
 1330732789.676719
 167 
 1330732789.769768
 169 
 1330732789.926650
 172 
 1330732789.972559
 173 
 1330732790.031126
 174 
 1330732790.062822
 175 
 1330732790.111088
 176 
 1330732790.171317
 177 
 1330732790.383122
 181 
 1330732790.426278
 182 
 1330732790.428088
 182 
 1330732790.428254
 182 
 1330732790.429877
 182 
 1330732790.432182
 182 
 1330732790.432703
 182 
 1330732790.433419
 182 
 1330732790.433560
 182 
 1330732790.434559
 182 
 1330732790.434604
 182 
 1330732790.434638
 182 
 1330732790.434668
 182 
 1330732790.434698
 182 
 1330732790.434730
 182 
 1330732790.434760
 182 
 1330732790.434789
 182 
 1330732790.434821
 182 
 1330732790.434869
 182 
 1330732790.434901
 182 
 1330732790.434951
 182 
 1330732790.434985
 182 
 1330732790.435013
 182 
 1330732790.435044
 182 
 1330732790.435074
 182 
 1330732790.435103
 182 
 1330732790.435133
 182 
 1330732790.435164
 182 
 1330732790.435194
 182 
 1330732790.435223
 182 
 1330732790.435256
 182 
 1330732790.435287
 182 
 1330732790.435316
 182 
 1330732790.435347
 182 
 1330732790.435377
 182 
 1330732790.435406
 182 
 1330732790.435436
 182 
 1330732790.435468
 182 
 1330732790.435499
 182 
 1330732790.435527
 182 
 1330732790.435559
 182 
 1330732790.435589
 182 
 1330732790.435618
 182 
 1330732790.435647
 182 
 1330732790.435677
 182 
 1330732790.435706
 182 
 1330732790.435735
 182 
 1330732790.435765
 182 
 1330732790.435795
 182 
 1330732790.435823
 182 
 1330732790.435872
 182 
 1330732790.435902
 182 
 1330732790.435931
 182 
 1330732790.435962
 182 
 1330732790.435993
 182 
 1330732790.436023
 182 
 1330732790.436052
 182 
 1330732790.436084
 182 
 1330732790.436113
 182 
 1330732790.436147
 182 
 1330732790.436179
 182 
 1330732790.436209
 182 
 1330732790.436237
 182 
 1330732790.436295
 182 
 1330732790.436640
 182 
 1330732790.436894
 182 
 1330732790.437299
 182 
 1330732790.437452
 182 
 1330732790.437703
 182 
 1330732790.437876
 182 
 1330732790.438035
 182 
 1330732790.438190
 182 
 1330732790.438446
 182 
 1330732790.438599
 182 
 1330732790.438759
 182 
 1330732790.438935
 182 
 1330732790.439186
 182 
 1330732790.439342
 182 
 1330732790.439593
 182 
 1330732790.439854
 182 
 1330732790.440024
 182 
 1330732790.440279
 182 
 1330732790.440432
 182 
 1330732790.440590
 182 
 1330732790.440748
 182 
 1330732790.440921
 182 
 1330732790.441082
 182 
 1330732790.441240
 182 
 1330732790.441400
 182 
 1330732790.441556
 182 
 1330732790.441713
 182 
 1330732790.441985
 182 
 1330732790.442139
 182 
 1330732790.442305
 182 
 1330732790.442456
 182 
 1330732790.442614
 182 
 1330732790.442774
 182 
 1330732790.442944
 182 
 1330732790.443198
 182 
 1330732790.443353
 182 
 1330732790.443514
 182 
 1330732790.443672
 182 
 1330732790.443949
 182 
 1330732790.444101
 182 
 1330732790.444261
 182 
 1330732790.444419
 182 
 1330732790.444575
 182 
 1330732790.444738
 182 
 1330732790.444911
 182 
 1330732790.445069
 182 
 1330732790.445227
 182 
 1330732790.445383
 182 
 1330732790.445622
 182 
 1330732790.445975
 182 
 1330732790.446133
 182 
 1330732790.446467
 182 
 1330732790.446713
 182 
 1330732790.446888
 182 
 1330732790.447047
 182 
 1330732790.447218
 182 
 1330732790.447374
 182 
 1330732790.447535
 182 
 1330732790.447693
 182 
 1330732790.447865
 182 
 1330732790.448034
 182 
 1330732790.448189
 182 
 1330732790.448347
 182 
 1330732790.448501
 182 
 1330732790.448661
 182 
 1330732790.448848
 182 
 1330732790.449006
 182 
 1330732790.449166
 182 
 1330732790.449324
 182 
 1330732790.449564
 182 
 1330732790.449804
 182 
 1330732790.449983
 182 
 1330732790.450506
 182 
 1330732790.450664
 182 
 1330732790.450945
 182 
 1330732790.451096
 182 
 1330732790.451438
 182 
 1330732790.451590
 182 
 1330732790.451749
 182 
 1330732790.451921
 182 
 1330732790.452080
 182 
 1330732790.452331
 182 
 1330732790.452486
 182 
 1330732790.452730
 182 
 1330732790.452907
 182 
 1330732790.453063
 182 
 1330732790.453569
 182 
 1330732790.453725
 182 
 1330732790.453969
 182 
 1330732790.454125
 182 
 1330732790.454281
 182 
 1330732790.454442
 182 
 1330732790.454602
 182 
 1330732790.455125
 182 
 1330732790.455279
 182 
 1330732790.455462
 182 
 1330732790.455610
 182 
 1330732790.455768
 182 
 1330732790.455940
 182 
 1330732790.456179
 182 
 1330732790.456332
 182 
 1330732790.456489
 182 
 1330732790.456732
 182 
 1330732790.456903
 182 
 1330732790.457051
 182 
 1330732790.492100
 183 
 1330732790.527475
 184 
 1330732790.579077
 185 
 1330732790.639975
 186 
 1330732790.666544
 187 
 1330732790.735952
 188 
 1330732790.796178
 189 
 1330732790.842686
 190 
 1330732790.873203
 191 
 1330732790.938110
 192 
 1330732791.165225
 197 
 1330732791.260758
 199 
 1330732791.318854
 200 
 1330732791.534460
 204 
 1330732791.561541
 205 
 1330732791.680579
 207 
 1330732791.718940
 208 
 1330732791.775861
 209 
 1330732791.831159
 210 
 1330732791.881534
 211 
 1330732791.916118
 212 
 1330732791.959574
 213 
 1330732792.043728
 214 
 1330732792.076052
 215 
 1330732792.139860
 216 
 1330732792.220540
 218 
 1330732792.283136
 219 
 1330732792.317083
 220 
 1330732792.381819
 221 
 1330732792.419103
 222 
 1330732792.464692
 223 
 1330732792.511172
 224 
 1330732792.588091
 225 
 1330732792.669409
 227 
 1330732792.716012
 228 
 1330732792.778091
 229 
 1330732792.828997
 230 
 1330732792.871981
 231 
 1330732792.918990
 232 
 1330732792.967189
 233 
 1330732793.028936
 234 
 1330732793.084269
 235 
 1330732793.182655
 237 
 1330732793.281561
 239 
 1330732793.327558
 240 
 1330732793.371317
 241 
 1330732793.438952
 242 
 1330732793.509380
 244 
 1330732793.564323
 245 
 1330732793.634881
 246 
 1330732793.635064
 246 
 1330732793.635100
 246 
 1330732793.635271
 246 
 1330732793.656872
 247 
 1330732793.719010
 248 
 1330732793.783023
 249 
 1330732793.932948
 252 
 1330732793.992264
 253 
 1330732794.013148
 254 
 1330732794.089992
 255 
 1330732794.142996
 256 
 1330732794.172627
 257 
 1330732794.172720
 257 
 1330732794.172805
 257 
 1330732794.172913
 257 
 1330732794.173045
 257 
 1330732794.286386
 259 
 1330732794.378888
 261 
 1330732794.426569
 262 
 1330732794.494354
 263 
 1330732794.539356
 264 
 1330732794.583086
 265 
 1330732794.644233
 266 
 1330732794.691852
 267 
 1330732794.732460
 268 
 1330732794.787875
 269 
 1330732794.817321
 270 
 1330732794.875644
 271 
 1330732794.938608
 272 
 1330732794.993883
 273 
 1330732794.993934
 273 
 1330732794.993969
 273 
 1330732794.994002
 273 
 1330732794.994031
 273 
 1330732794.994062
 273 
 1330732794.994095
 273 
 1330732794.994124
 273 
 1330732794.994155
 273 
 1330732794.994184
 273 
 1330732794.994215
 273 
 1330732794.994244
 273 
 1330732794.994273
 273 
 1330732794.994302
 273 
 1330732794.994524
 273 
 1330732794.994658
 273 
 1330732794.995018
 273 
 1330732794.995125
 273 
 1330732794.995237
 273 
 1330732794.995395
 273 
 1330732794.995513
 273 
 1330732794.995634
 273 
 1330732794.996209
 273 
 1330732794.996416
 273 
 1330732794.996556
 273 
 1330732794.996668
 273 
 1330732794.997072
 273 
 1330732794.997198
 273 
 1330732794.997603
 273 
 1330732794.997716
 273 
 1330732794.998197
 273 
 1330732794.998544
 273 
 1330732794.998764
 273 
 1330732795.179962
 277 
 1330732795.234851
 278 
 1330732795.290191
 279 
 1330732795.311387
 280 
 1330732795.377259
 281 
 1330732795.439394
 282 
 1330732795.512537
 284 
 1330732795.566699
 285 
 1330732795.607498
 286 
 1330732795.679814
 287 
 1330732795.730142
 288 
 1330732795.809158
 290 
 1330732795.882449
 291 
 1330732795.915679
 292 
 1330732795.981990
 293 
 1330732796.036308
 294 
 1330732796.074342
 295 
 1330732796.192734
 297 
 1330732796.220112
 298 
 1330732796.265531
 299 
 1330732796.392148
 301 
 1330732796.414114
 302 
 1330732796.487978
 303 
 1330732796.542967
 304 
 1330732796.679214
 307 
 1330732796.731655
 308 
 1330732796.775883
 309 
 1330732796.832920
 310 
 1330732796.865188
 311 
 1330732796.941391
 312 
 1330732796.971707
 313 
 1330732797.032633
 314 
 1330732797.109124
 316 
 1330732797.179307
 317 
 1330732797.207524
 318 
 1330732797.257137
 319 
 1330732797.330819
 320 
 1330732797.392254
 321 
 1330732797.413685
 322 
 1330732797.476272
 323 
 1330732797.692752
 327 
 1330732797.725796
 328 
 1330732797.794631
 329 
 1330732797.885513
 331 
 1330732797.963447
 333 
 1330732798.031861
 334 
 1330732798.061853
 335 
 1330732798.144680
 336 
 1330732798.163231
 337 
 1330732798.225241
 338 
 1330732798.293374
 339 
 1330732798.331332
 340 
 1330732798.372510
 341 
 1330732798.424223
 342 
 1330732798.466520
 343 
 1330732798.529406
 344 
 1330732798.558152
 345 
 1330732798.639322
 346 
 1330732798.671015
 347 
 1330732798.708190
 348 
 1330732798.764795
 349 
 1330732798.834753
 350 
 1330732798.892338
 351 
 1330732798.920418
 352 
 1330732799.034717
 354 
 1330732799.092931
 355 
 1330732799.189169
 357 
 1330732799.230407
 358 
 1330732799.260820
 359 
 1330732799.316524
 360 
 1330732799.380324
 361 
 1330732799.442343
 362 
 1330732799.458999
 363 
 1330732799.525521
 364 
 1330732799.580245
 365 
 1330732799.630141
 366 
 1330732799.689382
 367 
 1330732799.727818
 368 
 1330732799.785937
 369 
 1330732799.817325
 370 
 1330732799.944022
 372 
 1330732799.964984
 373 
 1330732800.022854
 374 
 1330732800.083999
 375 
 1330732800.124500
 376 
 1330732800.184892
 377 
 1330732800.215341
 378 
 1330732800.267089
 379 
 1330732800.307408
 380 
 1330732800.419636
 382 
 1330732800.477909
 383 
 1330732800.516771
 384 
 1330732800.642368
 386 
 1330732800.678005
 387 
 1330732800.745125
 388 
 1330732800.770516
 389 
 1330732800.808520
 390 
 1330732800.856960
 391 
 1330732800.918480
 392 
 1330732800.989570
 393 
 1330732801.025459
 394 
 1330732801.064401
 395 
 1330732801.143704
 396 
 1330732801.235214
 398 
 1330732801.260473
 399 
 1330732801.341470
 400 
 1330732801.375798
 401 
 1330732801.536537
 404 
 1330732801.644631
 406 
 1330732801.667756
 407 
 1330732801.739162
 408 
 1330732801.786667
 409 
 1330732801.813691
 410 
 1330732801.887205
 411 
 1330732801.946034
 412 
 1330732801.970423
 413 
 1330732802.025029
 414 
 1330732802.160034
 417 
 1330732802.212234
 418 
 1330732802.330118
 420 
 1330732802.508344
 424 
 1330732802.572788
 425 
 1330732802.624929
 426 
 1330732802.669128
 427 
 1330732802.707057
 428 
 1330732802.761861
 429 
 1330732802.888236
 431 
 1330732802.959353
 433 
 1330732803.094000
 435 
 1330732803.122352
 436 
 1330732803.228381
 438 
 1330732803.289662
 439 
 1330732803.388366
 441 
 1330732803.590796
 445 
 1330732803.677450
 447 
 1330732803.726871
 448 
 1330732803.783676
 449 
 1330732803.862377
 451 
 1330732803.990585
 453 
 1330732804.069313
 455 
 1330732804.142335
 456 
 1330732804.175967
 457 
 1330732804.315757
 460 
 1330732804.479264
 463 
 1330732804.640147
 466 
 1330732804.730435
 468 
 1330732804.787414
 469 
 1330732804.787567
 469 
 1330732804.787760
 469 
 1330732804.787955
 469 
 1330732804.788138
 469 
 1330732804.818164
 470 
 1330732804.892001
 471 
 1330732804.974509
 473 
 1330732805.032691
 474 
 1330732805.189025
 477 
 1330732805.272580
 479 
 1330732805.330809
 480 
 1330732805.392885
 481 
 1330732805.442048
 482 
 1330732805.518510
 484 
 1330732805.566637
 485 
 1330732805.618882
 486 
 1330732805.686803
 487 
 1330732805.726239
 488 
 1330732805.791164
 489 
 1330732805.856953
 491 
 1330732805.918385
 492 
 1330732805.982807
 493 
 1330732806.095198
 495 
 1330732806.111303
 496 
 1330732806.165123
 497 
 1330732806.275421
 499 
timeout.
packet count: 769 
