 1330732891.373717
 0 
 1330732891.437280
 1 
 1330732891.469442
 2 
 1330732891.534996
 3 
 1330732891.585605
 4 
 1330732891.640134
 5 
 1330732891.717090
 7 
 1330732891.784413
 8 
 1330732891.918269
 11 
 1330732891.991772
 12 
 1330732892.029115
 13 
 1330732892.059330
 14 
 1330732892.104317
 15 
 1330732892.159158
 16 
 1330732892.209944
 17 
 1330732892.258869
 18 
 1330732892.343625
 19 
 1330732892.374181
 20 
 1330732892.479177
 22 
 1330732892.523413
 23 
 1330732892.669687
 26 
 1330732892.715023
 27 
 1330732892.785996
 28 
 1330732892.806453
 29 
 1330732892.874723
 30 
 1330732892.989291
 32 
 1330732893.006235
 33 
 1330732893.071987
 34 
 1330732893.113214
 35 
 1330732893.214345
 37 
 1330732893.268685
 38 
 1330732893.324191
 39 
 1330732893.374949
 40 
 1330732893.421186
 41 
 1330732893.490915
 42 
 1330732893.515035
 43 
 1330732893.579274
 44 
 1330732893.631196
 45 
 1330732893.736848
 47 
 1330732893.762821
 48 
 1330732893.817696
 49 
 1330732893.891942
 50 
 1330732893.929968
 51 
 1330732894.019620
 53 
 1330732894.081043
 54 
 1330732894.122979
 55 
 1330732894.209587
 57 
 1330732894.279358
 58 
 1330732894.328485
 59 
 1330732894.385120
 60 
 1330732894.525938
 63 
 1330732894.560463
 64 
 1330732894.607803
 65 
 1330732894.673499
 66 
 1330732894.743067
 67 
 1330732894.833664
 69 
 1330732894.865443
 70 
 1330732894.927060
 71 
 1330732895.106661
 75 
 1330732895.155768
 76 
 1330732895.474491
 82 
 1330732895.572137
 84 
 1330732895.626610
 85 
 1330732895.655745
 86 
 1330732895.743674
 87 
 1330732895.843581
 89 
 1330732895.888493
 90 
 1330732895.903839
 91 
 1330732895.977435
 92 
 1330732896.010207
 93 
 1330732896.090190
 94 
 1330732896.118045
 95 
 1330732896.176864
 96 
 1330732896.231176
 97 
 1330732896.274899
 98 
 1330732896.315847
 99 
 1330732896.537004
 103 
 1330732896.642853
 105 
 1330732896.689811
 106 
 1330732896.730353
 107 
 1330732896.760230
 108 
 1330732896.879670
 110 
 1330732896.928866
 111 
 1330732896.981704
 112 
 1330732897.056641
 114 
 1330732897.174105
 116 
 1330732897.214871
 117 
 1330732897.391448
 120 
 1330732897.417131
 121 
 1330732897.517473
 123 
 1330732897.587000
 124 
 1330732897.672957
 126 
 1330732897.732160
 127 
 1330732897.820237
 129 
 1330732897.917568
 131 
 1330732897.978060
 132 
 1330732898.032913
 133 
 1330732898.083296
 134 
 1330732898.224972
 137 
 1330732898.264095
 138 
 1330732898.331121
 139 
 1330732898.358124
 140 
 1330732898.426741
 141 
 1330732898.480342
 142 
 1330732898.534694
 143 
 1330732898.643048
 145 
 1330732898.686773
 146 
 1330732898.711188
 147 
 1330732898.792016
 148 
 1330732898.834254
 149 
 1330732898.858519
 150 
 1330732898.919029
 151 
 1330732898.991395
 152 
 1330732899.038137
 153 
 1330732899.115565
 155 
 1330732899.190055
 156 
 1330732899.338278
 159 
 1330732899.372225
 160 
 1330732899.423514
 161 
 1330732899.460905
 162 
 1330732899.532776
 163 
 1330732899.577799
 164 
 1330732899.637219
 165 
 1330732899.723618
 167 
 1330732899.759216
 168 
 1330732899.890009
 170 
 1330732899.937156
 171 
 1330732899.973503
 172 
 1330732900.078053
 174 
 1330732900.157996
 176 
 1330732900.218228
 177 
 1330732900.266937
 178 
 1330732900.320859
 179 
 1330732900.377025
 180 
 1330732900.539003
 183 
 1330732900.625985
 185 
 1330732900.686914
 186 
 1330732900.713452
 187 
 1330732900.782871
 188 
 1330732900.889587
 190 
 1330732900.920108
 191 
 1330732901.088312
 194 
 1330732901.105642
 195 
 1330732901.193134
 196 
 1330732901.212124
 197 
 1330732901.288313
 198 
 1330732901.307644
 199 
 1330732901.436050
 201 
 1330732901.455725
 202 
 1330732901.521989
 203 
 1330732901.727485
 207 
 1330732901.765859
 208 
 1330732901.822731
 209 
 1330732901.928441
 211 
 1330732901.963012
 212 
 1330732902.090637
 214 
 1330732902.122928
 215 
 1330732902.186751
 216 
 1330732902.217955
 217 
 1330732902.267440
 218 
 1330732902.330038
 219 
 1330732902.466004
 222 
 1330732902.511588
 223 
 1330732902.558066
 224 
 1330732902.634963
 225 
 1330732902.661680
 226 
 1330732902.716293
 227 
 1330732902.824995
 229 
 1330732902.825084
 229 
 1330732902.825343
 229 
 1330732902.825676
 229 
 1330732902.825886
 229 
 1330732902.875887
 230 
 1330732902.918882
 231 
 1330732902.965894
 232 
 1330732903.075768
 234 
 1330732903.131110
 235 
 1330732903.181580
 236 
 1330732903.229497
 237 
 1330732903.274986
 238 
 1330732903.374409
 240 
 1330732903.418167
 241 
 1330732903.509787
 243 
 1330732903.556213
 244 
 1330732903.611177
 245 
 1330732903.681684
 246 
 1330732903.703708
 247 
 1330732903.765887
 248 
 1330732903.829892
 249 
 1330732903.860903
 250 
 1330732903.930360
 251 
 1330732903.979800
 252 
 1330732904.039070
 253 
 1330732904.059942
 254 
 1330732904.136819
 255 
 1330732904.189861
 256 
 1330732904.288453
 258 
 1330732904.333253
 259 
 1330732904.362983
 260 
 1330732904.425745
 261 
 1330732904.586253
 264 
 1330732904.629969
 265 
 1330732904.691116
 266 
 1330732904.779183
 268 
 1330732904.834671
 269 
 1330732904.864172
 270 
 1330732904.922496
 271 
 1330732904.985499
 272 
 1330732905.038597
 273 
 1330732905.070182
 274 
 1330732905.127540
 275 
 1330732905.226874
 277 
 1330732905.336967
 279 
 1330732905.358165
 280 
 1330732905.424102
 281 
 1330732905.486262
 282 
 1330732905.529182
 283 
 1330732905.559418
 284 
 1330732905.613544
 285 
 1330732905.654371
 286 
 1330732905.726616
 287 
 1330732905.776968
 288 
 1330732905.822752
 289 
 1330732905.856004
 290 
 1330732905.929300
 291 
 1330732905.962561
 292 
 1330732906.028897
 293 
 1330732906.121234
 295 
 1330732906.191778
 296 
 1330732906.239630
 297 
 1330732906.391677
 300 
 1330732906.439047
 301 
 1330732906.461007
 302 
 1330732906.589862
 304 
 1330732906.634146
 305 
 1330732906.666940
 306 
 1330732906.726128
 307 
 1330732906.778557
 308 
 1330732906.822788
 309 
 1330732906.879823
 310 
 1330732906.912088
 311 
 1330732906.988288
 312 
 1330732907.018597
 313 
 1330732907.079529
 314 
 1330732907.156026
 316 
 1330732907.226207
 317 
 1330732907.254412
 318 
 1330732907.579246
 324 
 1330732907.739658
 327 
 1330732907.772689
 328 
 1330732907.841532
 329 
 1330732907.932419
 331 
 1330732907.961017
 332 
 1330732908.010355
 333 
 1330732908.078717
 334 
 1330732908.108720
 335 
 1330732908.191551
 336 
 1330732908.210091
 337 
 1330732908.340285
 339 
 1330732908.378228
 340 
 1330732908.419412
 341 
 1330732908.471130
 342 
 1330732908.755111
 348 
 1330732908.811706
 349 
 1330732908.881662
 350 
 1330732908.967338
 352 
 1330732909.034346
 353 
 1330732909.081601
 354 
 1330732909.183897
 356 
 1330732909.236032
 357 
 1330732909.236100
 357 
 1330732909.236351
 357 
 1330732909.236531
 357 
 1330732909.236578
 357 
 1330732909.236678
 357 
 1330732909.236741
 357 
 1330732909.236893
 357 
 1330732909.236970
 357 
 1330732909.237143
 357 
 1330732909.237273
 357 
 1330732909.237361
 357 
 1330732909.237471
 357 
 1330732909.237553
 357 
 1330732909.237634
 357 
 1330732909.237711
 357 
 1330732909.237801
 357 
 1330732909.237885
 357 
 1330732909.277299
 358 
 1330732909.307732
 359 
 1330732909.363463
 360 
 1330732909.489236
 362 
 1330732909.627132
 365 
 1330732909.677041
 366 
 1330732909.774716
 368 
 1330732909.864215
 370 
 1330732909.925178
 371 
 1330732909.990912
 372 
 1330732910.171384
 376 
 1330732910.231786
 377 
 1330732910.313972
 379 
 1330732910.354299
 380 
 1330732910.437743
 381 
 1330732910.466505
 382 
 1330732910.563652
 384 
 1330732910.606581
 385 
 1330732910.689243
 386 
 1330732910.792019
 388 
 1330732910.817403
 389 
 1330732910.903855
 391 
 1330732911.072419
 394 
 1330732911.111310
 395 
 1330732911.190653
 396 
 1330732911.207103
 397 
 1330732911.282186
 398 
 1330732911.307426
 399 
 1330732911.526817
 403 
 1330732911.583414
 404 
 1330732911.607504
 405 
 1330732911.691532
 406 
 1330732911.786142
 408 
 1330732911.860649
 410 
 1330732911.934140
 411 
 1330732911.992932
 412 
 1330732912.017323
 413 
 1330732912.071949
 414 
 1330732912.129865
 415 
 1330732912.206931
 417 
 1330732912.308298
 419 
 1330732912.376992
 420 
 1330732912.430391
 421 
 1330732912.555238
 424 
 1330732912.619679
 425 
 1330732912.671861
 426 
 1330732912.716020
 427 
 1330732912.753925
 428 
 1330732912.808771
 429 
 1330732912.857097
 430 
 1330732912.990107
 432 
 1330732913.006177
 433 
 1330732913.140788
 435 
 1330732913.169169
 436 
 1330732913.336566
 439 
 1330732913.390523
 440 
 1330732913.468933
 442 
 1330732913.583552
 444 
 1330732913.637630
 445 
 1330732913.682216
 446 
 1330732913.773757
 448 
 1330732913.830526
 449 
 1330732913.883908
 450 
 1330732913.961495
 452 
 1330732914.061020
 454 
 1330732914.261662
 458 
 1330732914.330057
 459 
 1330732914.362573
 460 
 1330732914.459399
 462 
 1330732914.526142
 463 
 1330732914.588592
 464 
 1330732914.630626
 465 
 1330732914.686950
 466 
 1330732914.734656
 467 
 1330732914.865102
 470 
 1330732914.938901
 471 
 1330732914.960816
 472 
 1330732915.021376
 473 
 1330732915.177990
 476 
 1330732915.235975
 477 
 1330732915.269659
 478 
 1330732915.319462
 479 
 1330732915.439788
 481 
 1330732915.488926
 482 
 1330732915.522074
 483 
 1330732915.565472
 484 
 1330732915.613529
 485 
 1330732915.665741
 486 
 1330732915.838088
 489 
 1330732915.865399
 490 
 1330732915.903792
 491 
 1330732915.965269
 492 
 1330732916.029764
 493 
 1330732916.060717
 494 
 1330732916.211966
 497 
 1330732916.275190
 498 
timeout.
packet count: 383 
