 1330735543.625204
 0 
 1330735543.688722
 1 
 1330735543.688768
 1 
 1330735543.688863
 1 
 1330735543.688919
 1 
 1330735543.688968
 1 
 1330735543.689016
 1 
 1330735543.689069
 1 
 1330735543.689117
 1 
 1330735543.689165
 1 
 1330735543.689216
 1 
 1330735543.689265
 1 
 1330735543.689317
 1 
 1330735543.689391
 1 
 1330735543.689439
 1 
 1330735543.689491
 1 
 1330735543.689540
 1 
 1330735543.689590
 1 
 1330735543.689641
 1 
 1330735543.689687
 1 
 1330735543.689738
 1 
 1330735543.689786
 1 
 1330735543.689853
 1 
 1330735543.689917
 1 
 1330735543.720889
 2 
 1330735543.720928
 2 
 1330735543.720991
 2 
 1330735543.721042
 2 
 1330735543.721090
 2 
 1330735543.721143
 2 
 1330735543.786430
 3 
 1330735543.786483
 3 
 1330735543.786548
 3 
 1330735543.786598
 3 
 1330735543.786675
 3 
 1330735543.786721
 3 
 1330735543.786757
 3 
 1330735543.786809
 3 
 1330735543.786867
 3 
 1330735543.786913
 3 
 1330735543.786964
 3 
 1330735543.787012
 3 
 1330735543.787063
 3 
 1330735543.787110
 3 
 1330735543.787157
 3 
 1330735543.787208
 3 
 1330735543.787254
 3 
 1330735543.787307
 3 
 1330735543.787353
 3 
 1330735543.787400
 3 
 1330735543.787451
 3 
 1330735543.787498
 3 
 1330735543.787544
 3 
 1330735543.787595
 3 
 1330735543.787641
 3 
 1330735543.787689
 3 
 1330735543.787755
 3 
 1330735543.787801
 3 
 1330735543.787862
 3 
 1330735543.787909
 3 
 1330735543.787956
 3 
 1330735543.788007
 3 
 1330735543.788061
 3 
 1330735543.788107
 3 
 1330735543.788159
 3 
 1330735543.788206
 3 
 1330735543.788253
 3 
 1330735543.788305
 3 
 1330735543.788350
 3 
 1330735543.788403
 3 
 1330735543.788449
 3 
 1330735543.788496
 3 
 1330735543.788548
 3 
 1330735543.788595
 3 
 1330735543.788642
 3 
 1330735543.788700
 3 
 1330735543.788746
 3 
 1330735543.788793
 3 
 1330735543.788846
 3 
 1330735543.788911
 3 
 1330735543.788964
 3 
 1330735543.789011
 3 
 1330735543.789058
 3 
 1330735543.789110
 3 
 1330735543.789156
 3 
 1330735543.789203
 3 
 1330735543.789255
 3 
 1330735543.789302
 3 
 1330735543.789348
 3 
 1330735543.789392
 3 
 1330735543.789413
 3 
 1330735543.789464
 3 
 1330735543.789507
 3 
 1330735543.789555
 3 
 1330735543.789601
 3 
 1330735543.789644
 3 
 1330735543.789665
 3 
 1330735543.789717
 3 
 1330735543.789761
 3 
 1330735543.789783
 3 
 1330735543.789841
 3 
 1330735543.789886
 3 
 1330735543.789930
 3 
 1330735543.789965
 3 
 1330735543.790012
 3 
 1330735543.790055
 3 
 1330735543.790089
 3 
 1330735543.790136
 3 
 1330735543.790169
 3 
 1330735543.790217
 3 
 1330735543.790261
 3 
 1330735543.837055
 4 
 1330735543.837098
 4 
 1330735543.837153
 4 
 1330735543.837189
 4 
 1330735543.837238
 4 
 1330735543.891563
 5 
 1330735543.891584
 5 
 1330735543.891640
 5 
 1330735543.891686
 5 
 1330735543.891706
 5 
 1330735543.891760
 5 
 1330735543.891796
 5 
 1330735543.891845
 5 
 1330735543.891912
 5 
 1330735543.891945
 5 
 1330735543.891993
 5 
 1330735543.892040
 5 
 1330735543.892084
 5 
 1330735543.892129
 5 
 1330735543.892149
 5 
 1330735543.892200
 5 
 1330735543.912981
 6 
 1330735543.913038
 6 
 1330735543.913085
 6 
 1330735543.913106
 6 
 1330735543.913159
 6 
 1330735543.913196
 6 
 1330735543.913245
 6 
 1330735543.913282
 6 
 1330735543.913330
 6 
 1330735543.913373
 6 
 1330735543.913398
 6 
 1330735543.913450
 6 
 1330735543.913492
 6 
 1330735543.913517
 6 
 1330735543.913568
 6 
 1330735543.913610
 6 
 1330735543.913631
 6 
 1330735543.913681
 6 
 1330735543.913726
 6 
 1330735543.913770
 6 
 1330735543.913815
 6 
 1330735543.913863
 6 
 1330735543.913914
 6 
 1330735543.913961
 6 
 1330735543.914004
 6 
 1330735543.914025
 6 
 1330735543.914077
 6 
 1330735543.914120
 6 
 1330735543.914142
 6 
 1330735543.914194
 6 
 1330735543.914237
 6 
 1330735543.914257
 6 
 1330735543.914308
 6 
 1330735543.914352
 6 
 1330735543.914373
 6 
 1330735543.914423
 6 
 1330735543.914482
 6 
 1330735543.914527
 6 
 1330735543.914572
 6 
 1330735543.914605
 6 
 1330735543.914651
 6 
 1330735543.914685
 6 
 1330735543.914733
 6 
 1330735543.914776
 6 
 1330735543.914800
 6 
 1330735543.968515
 7 
 1330735543.968536
 7 
 1330735543.968595
 7 
 1330735543.968631
 7 
 1330735543.968679
 7 
 1330735543.968715
 7 
 1330735543.968763
 7 
 1330735543.968798
 7 
 1330735543.968866
 7 
 1330735543.968909
 7 
 1330735543.968930
 7 
 1330735543.968980
 7 
 1330735543.969024
 7 
 1330735543.969045
 7 
 1330735543.969096
 7 
 1330735543.969141
 7 
 1330735543.969185
 7 
 1330735543.969228
 7 
 1330735543.969249
 7 
 1330735543.969300
 7 
 1330735543.969343
 7 
 1330735543.969364
 7 
 1330735543.969416
 7 
 1330735543.969459
 7 
 1330735543.969479
 7 
 1330735543.969529
 7 
 1330735543.969573
 7 
 1330735544.035860
 8 
 1330735544.035882
 8 
 1330735544.035902
 8 
 1330735544.035957
 8 
 1330735544.035993
 8 
 1330735544.036042
 8 
 1330735544.036079
 8 
 1330735544.036128
 8 
 1330735544.036165
 8 
 1330735544.036213
 8 
 1330735544.036284
 8 
 1330735544.036337
 8 
 1330735544.036382
 8 
 1330735544.036427
 8 
 1330735544.036470
 8 
 1330735544.036491
 8 
 1330735544.066202
 9 
 1330735544.066224
 9 
 1330735544.066279
 9 
 1330735544.066315
 9 
 1330735544.066363
 9 
 1330735544.124237
 10 
 1330735544.124282
 10 
 1330735544.124356
 10 
 1330735544.169675
 11 
 1330735544.169710
 11 
 1330735544.169777
 11 
 1330735544.169851
 11 
 1330735544.169915
 11 
 1330735544.169977
 11 
 1330735544.170038
 11 
 1330735544.170100
 11 
 1330735544.170160
 11 
 1330735544.170220
 11 
 1330735544.170280
 11 
 1330735544.170340
 11 
 1330735544.170400
 11 
 1330735544.170461
 11 
 1330735544.170521
 11 
 1330735544.170583
 11 
 1330735544.170713
 11 
 1330735544.170775
 11 
 1330735544.170853
 11 
 1330735544.170914
 11 
 1330735544.170974
 11 
 1330735544.171035
 11 
 1330735544.171095
 11 
 1330735544.171154
 11 
 1330735544.171214
 11 
 1330735544.171275
 11 
 1330735544.171335
 11 
 1330735544.171395
 11 
 1330735544.171455
 11 
 1330735544.243181
 12 
 1330735544.243220
 12 
 1330735544.243288
 12 
 1330735544.280510
 13 
 1330735544.280545
 13 
 1330735544.280613
 13 
 1330735544.280674
 13 
 1330735544.280736
 13 
 1330735544.280799
 13 
 1330735544.280877
 13 
 1330735544.280940
 13 
 1330735544.281001
 13 
 1330735544.281061
 13 
 1330735544.281121
 13 
 1330735544.281181
 13 
 1330735544.281242
 13 
 1330735544.281302
 13 
 1330735544.281362
 13 
 1330735544.281424
 13 
 1330735544.281483
 13 
 1330735544.281542
 13 
 1330735544.281603
 13 
 1330735544.281663
 13 
 1330735544.281723
 13 
 1330735544.281784
 13 
 1330735544.281846
 13 
 1330735544.281917
 13 
 1330735544.281977
 13 
 1330735544.282038
 13 
 1330735544.282098
 13 
 1330735544.282159
 13 
 1330735544.282218
 13 
 1330735544.282279
 13 
 1330735544.282339
 13 
 1330735544.282399
 13 
 1330735544.282458
 13 
 1330735544.282518
 13 
 1330735544.282578
 13 
 1330735544.282638
 13 
 1330735544.282699
 13 
 1330735544.282760
 13 
 1330735544.282819
 13 
 1330735544.282903
 13 
 1330735544.282964
 13 
 1330735544.283025
 13 
 1330735544.283085
 13 
 1330735544.283145
 13 
 1330735544.283205
 13 
 1330735544.283265
 13 
 1330735544.283326
 13 
 1330735544.283386
 13 
 1330735544.283445
 13 
 1330735544.283505
 13 
 1330735544.283566
 13 
 1330735544.283627
 13 
 1330735544.283687
 13 
 1330735544.283747
 13 
 1330735544.310745
 14 
 1330735544.310779
 14 
 1330735544.310856
 14 
 1330735544.310919
 14 
 1330735544.310980
 14 
 1330735544.311041
 14 
 1330735544.311102
 14 
 1330735544.311163
 14 
 1330735544.311223
 14 
 1330735544.311285
 14 
 1330735544.311345
 14 
 1330735544.311406
 14 
 1330735544.311466
 14 
 1330735544.311527
 14 
 1330735544.311588
 14 
 1330735544.311647
 14 
 1330735544.311707
 14 
 1330735544.311768
 14 
 1330735544.311846
 14 
 1330735544.311906
 14 
 1330735544.311967
 14 
 1330735544.312027
 14 
 1330735544.312088
 14 
 1330735544.312149
 14 
 1330735544.312209
 14 
 1330735544.312271
 14 
 1330735544.312330
 14 
 1330735544.312391
 14 
 1330735544.312451
 14 
 1330735544.312511
 14 
 1330735544.312571
 14 
 1330735544.312632
 14 
 1330735544.312692
 14 
 1330735544.312752
 14 
 1330735544.355736
 15 
 1330735544.355771
 15 
 1330735544.355849
 15 
 1330735544.355917
 15 
 1330735544.355979
 15 
 1330735544.356041
 15 
 1330735544.356103
 15 
 1330735544.356165
 15 
 1330735544.356226
 15 
 1330735544.356286
 15 
 1330735544.356346
 15 
 1330735544.356406
 15 
 1330735544.356466
 15 
 1330735544.356525
 15 
 1330735544.356586
 15 
 1330735544.356646
 15 
 1330735544.356705
 15 
 1330735544.356766
 15 
 1330735544.410575
 16 
 1330735544.410612
 16 
 1330735544.410674
 16 
 1330735544.410735
 16 
 1330735544.410797
 16 
 1330735544.461352
 17 
 1330735544.461389
 17 
 1330735544.461451
 17 
 1330735544.461512
 17 
 1330735544.461573
 17 
 1330735544.510275
 18 
 1330735544.510312
 18 
 1330735544.510375
 18 
 1330735544.510437
 18 
 1330735544.510499
 18 
 1330735544.510561
 18 
 1330735544.510623
 18 
 1330735544.510685
 18 
 1330735544.510746
 18 
 1330735544.510807
 18 
 1330735544.510885
 18 
 1330735544.510945
 18 
 1330735544.511005
 18 
 1330735544.511066
 18 
 1330735544.511127
 18 
 1330735544.511187
 18 
 1330735544.511246
 18 
 1330735544.511306
 18 
 1330735544.511366
 18 
 1330735544.511427
 18 
 1330735544.511486
 18 
 1330735544.511547
 18 
 1330735544.511608
 18 
 1330735544.511668
 18 
 1330735544.511728
 18 
 1330735544.511788
 18 
 1330735544.511858
 18 
 1330735544.511918
 18 
 1330735544.511979
 18 
 1330735544.512038
 18 
 1330735544.595046
 19 
 1330735544.595081
 19 
 1330735544.595139
 19 
 1330735544.595201
 19 
 1330735544.595264
 19 
 1330735544.595324
 19 
 1330735544.595385
 19 
 1330735544.595447
 19 
 1330735544.595508
 19 
 1330735544.595569
 19 
 1330735544.595629
 19 
 1330735544.595689
 19 
 1330735544.595748
 19 
 1330735544.595808
 19 
 1330735544.595886
 19 
 1330735544.625598
 20 
 1330735544.625632
 20 
 1330735544.625700
 20 
 1330735544.625761
 20 
 1330735544.625823
 20 
 1330735544.625901
 20 
 1330735544.625963
 20 
 1330735544.626023
 20 
 1330735544.626084
 20 
 1330735544.626145
 20 
 1330735544.626205
 20 
 1330735544.626264
 20 
 1330735544.626325
 20 
 1330735544.626385
 20 
 1330735544.626445
 20 
 1330735544.626505
 20 
 1330735544.626565
 20 
 1330735544.679592
 21 
 1330735544.679628
 21 
 1330735544.679690
 21 
 1330735544.679752
 21 
 1330735544.679814
 21 
 1330735544.679892
 21 
 1330735544.679954
 21 
 1330735544.680015
 21 
 1330735544.680075
 21 
 1330735544.680136
 21 
 1330735544.680195
 21 
 1330735544.680255
 21 
 1330735544.680315
 21 
 1330735544.680376
 21 
 1330735544.680435
 21 
 1330735544.680495
 21 
 1330735544.680556
 21 
 1330735544.680616
 21 
 1330735544.680676
 21 
 1330735544.680736
 21 
 1330735544.680796
 21 
 1330735544.680868
 21 
 1330735544.680927
 21 
 1330735544.680987
 21 
 1330735544.681046
 21 
 1330735544.681105
 21 
 1330735544.730586
 22 
 1330735544.730622
 22 
 1330735544.730688
 22 
 1330735544.730749
 22 
 1330735544.730810
 22 
 1330735544.730894
 22 
 1330735544.730955
 22 
 1330735544.731017
 22 
 1330735544.731077
 22 
 1330735544.731139
 22 
 1330735544.731199
 22 
 1330735544.731259
 22 
 1330735544.774842
 23 
 1330735544.774878
 23 
 1330735544.774947
 23 
 1330735544.775008
 23 
 1330735544.775070
 23 
 1330735544.775130
 23 
 1330735544.775193
 23 
 1330735544.775254
 23 
 1330735544.775313
 23 
 1330735544.775434
 23 
 1330735544.775493
 23 
 1330735544.775554
 23 
 1330735544.775614
 23 
 1330735544.775675
 23 
 1330735544.775735
 23 
 1330735544.775795
 23 
 1330735544.775871
 23 
 1330735544.775932
 23 
 1330735544.775992
 23 
 1330735544.776053
 23 
 1330735544.776113
 23 
 1330735544.776172
 23 
 1330735544.776232
 23 
 1330735544.776293
 23 
 1330735544.776354
 23 
 1330735544.776414
 23 
 1330735544.776473
 23 
 1330735544.776533
 23 
 1330735544.776593
 23 
 1330735544.776655
 23 
 1330735544.776714
 23 
 1330735544.776775
 23 
 1330735544.776850
 23 
 1330735544.776911
 23 
 1330735544.776972
 23 
 1330735544.777033
 23 
 1330735544.777094
 23 
 1330735544.777153
 23 
 1330735544.777214
 23 
 1330735544.816783
 24 
 1330735544.816817
 24 
 1330735544.876155
 25 
 1330735544.876191
 25 
 1330735544.876253
 25 
 1330735544.876315
 25 
 1330735544.876376
 25 
 1330735544.876440
 25 
 1330735544.876503
 25 
 1330735544.876563
 25 
 1330735544.876623
 25 
 1330735544.876683
 25 
 1330735544.921089
 26 
 1330735544.921124
 26 
 1330735544.921194
 26 
 1330735544.921255
 26 
 1330735544.921316
 26 
 1330735544.921377
 26 
 1330735544.921437
 26 
 1330735544.921498
 26 
 1330735544.921559
 26 
 1330735544.921619
 26 
 1330735544.921681
 26 
 1330735544.921741
 26 
 1330735544.921802
 26 
 1330735544.921881
 26 
 1330735544.921941
 26 
 1330735544.922003
 26 
 1330735544.922063
 26 
 1330735544.922122
 26 
 1330735544.922183
 26 
 1330735544.922244
 26 
 1330735544.922303
 26 
 1330735544.922364
 26 
 1330735544.922424
 26 
 1330735544.922485
 26 
 1330735544.922545
 26 
 1330735544.922605
 26 
 1330735544.966415
 27 
 1330735544.966451
 27 
 1330735544.966518
 27 
 1330735544.966580
 27 
 1330735544.966642
 27 
 1330735544.966704
 27 
 1330735544.966765
 27 
 1330735544.966846
 27 
 1330735544.966907
 27 
 1330735544.966968
 27 
 1330735544.967029
 27 
 1330735544.967089
 27 
 1330735544.967150
 27 
 1330735544.967211
 27 
 1330735544.967272
 27 
 1330735544.967332
 27 
 1330735544.967392
 27 
 1330735544.967453
 27 
 1330735544.967513
 27 
 1330735544.967573
 27 
 1330735544.967634
 27 
 1330735544.967694
 27 
 1330735544.967753
 27 
 1330735544.967814
 27 
 1330735544.967891
 27 
 1330735545.037394
 28 
 1330735545.037430
 28 
 1330735545.037497
 28 
 1330735545.037559
 28 
 1330735545.057877
 29 
 1330735545.057917
 29 
 1330735545.057985
 29 
 1330735545.058046
 29 
 1330735545.058108
 29 
 1330735545.058170
 29 
 1330735545.058232
 29 
 1330735545.058292
 29 
 1330735545.058353
 29 
 1330735545.058413
 29 
 1330735545.058474
 29 
 1330735545.058533
 29 
 1330735545.058594
 29 
 1330735545.058655
 29 
 1330735545.058715
 29 
 1330735545.058778
 29 
 1330735545.058848
 29 
 1330735545.058913
 29 
 1330735545.058973
 29 
 1330735545.059033
 29 
 1330735545.059093
 29 
 1330735545.162789
 31 
 1330735545.162879
 31 
 1330735545.162915
 31 
 1330735545.162974
 31 
 1330735545.163036
 31 
 1330735545.163097
 31 
 1330735545.163159
 31 
 1330735545.163219
 31 
 1330735545.163280
 31 
 1330735545.163342
 31 
 1330735545.163402
 31 
 1330735545.163463
 31 
 1330735545.163523
 31 
 1330735545.163583
 31 
 1330735545.163643
 31 
 1330735545.163704
 31 
 1330735545.163764
 31 
 1330735545.163823
 31 
 1330735545.163904
 31 
 1330735545.163966
 31 
 1330735545.164026
 31 
 1330735545.164086
 31 
 1330735545.164147
 31 
 1330735545.164206
 31 
 1330735545.164268
 31 
 1330735545.164329
 31 
 1330735545.164389
 31 
 1330735545.164448
 31 
 1330735545.164509
 31 
 1330735545.164569
 31 
 1330735545.164630
 31 
 1330735545.164690
 31 
 1330735545.164751
 31 
 1330735545.164810
 31 
 1330735545.164888
 31 
 1330735545.164949
 31 
 1330735545.165011
 31 
 1330735545.165070
 31 
 1330735545.257658
 33 
 1330735545.257722
 33 
 1330735545.257785
 33 
 1330735545.257855
 33 
 1330735545.257917
 33 
 1330735545.323393
 34 
 1330735545.323429
 34 
 1330735545.323492
 34 
 1330735545.323554
 34 
 1330735545.323616
 34 
 1330735545.323677
 34 
 1330735545.323740
 34 
 1330735545.323801
 34 
 1330735545.323882
 34 
 1330735545.323942
 34 
 1330735545.324004
 34 
 1330735545.324065
 34 
 1330735545.324125
 34 
 1330735545.364613
 35 
 1330735545.364647
 35 
 1330735545.364716
 35 
 1330735545.364777
 35 
 1330735545.364850
 35 
 1330735545.364914
 35 
 1330735545.364976
 35 
 1330735545.365038
 35 
 1330735545.365100
 35 
 1330735545.365160
 35 
 1330735545.365221
 35 
 1330735545.365284
 35 
 1330735545.365346
 35 
 1330735545.365407
 35 
 1330735545.365467
 35 
 1330735545.365527
 35 
 1330735545.365588
 35 
 1330735545.365649
 35 
 1330735545.365709
 35 
 1330735545.365769
 35 
 1330735545.365849
 35 
 1330735545.365910
 35 
 1330735545.365972
 35 
 1330735545.366033
 35 
 1330735545.366092
 35 
 1330735545.441175
 36 
 1330735545.441210
 36 
 1330735545.441269
 36 
 1330735545.441331
 36 
 1330735545.441393
 36 
 1330735545.441455
 36 
 1330735545.441516
 36 
 1330735545.465745
 37 
 1330735545.465779
 37 
 1330735545.465864
 37 
 1330735545.465929
 37 
 1330735545.465991
 37 
 1330735545.466052
 37 
 1330735545.466115
 37 
 1330735545.466176
 37 
 1330735545.466237
 37 
 1330735545.466297
 37 
 1330735545.466357
 37 
 1330735545.466417
 37 
 1330735545.466477
 37 
 1330735545.466537
 37 
 1330735545.466598
 37 
 1330735545.466658
 37 
 1330735545.466718
 37 
 1330735545.466781
 37 
 1330735545.466843
 37 
 1330735545.466912
 37 
 1330735545.466973
 37 
 1330735545.467034
 37 
 1330735545.467094
 37 
 1330735545.467155
 37 
 1330735545.467216
 37 
 1330735545.467276
 37 
 1330735545.467336
 37 
 1330735545.467397
 37 
 1330735545.467457
 37 
 1330735545.467517
 37 
 1330735545.467578
 37 
 1330735545.467640
 37 
 1330735545.467763
 37 
 1330735545.467823
 37 
 1330735545.467901
 37 
 1330735545.467962
 37 
 1330735545.468022
 37 
 1330735545.468084
 37 
 1330735545.468144
 37 
 1330735545.520092
 38 
 1330735545.520128
 38 
 1330735545.520191
 38 
 1330735545.520252
 38 
 1330735545.520314
 38 
 1330735545.520376
 38 
 1330735545.520437
 38 
 1330735545.520499
 38 
 1330735545.575584
 39 
 1330735545.575625
 39 
 1330735545.575695
 39 
 1330735545.626347
 40 
 1330735545.626382
 40 
 1330735545.626448
 40 
 1330735545.626511
 40 
 1330735545.626572
 40 
 1330735545.626633
 40 
 1330735545.742321
 42 
 1330735545.742392
 42 
 1330735545.742454
 42 
 1330735545.742516
 42 
 1330735545.742578
 42 
 1330735545.742640
 42 
 1330735545.742702
 42 
 1330735545.742764
 42 
 1330735545.742824
 42 
 1330735545.742903
 42 
 1330735545.742965
 42 
 1330735545.743026
 42 
 1330735545.743087
 42 
 1330735545.743148
 42 
 1330735545.743209
 42 
 1330735545.766451
 43 
 1330735545.766486
 43 
 1330735545.766555
 43 
 1330735545.766616
 43 
 1330735545.766678
 43 
 1330735545.766740
 43 
 1330735545.766801
 43 
 1330735545.766879
 43 
 1330735545.766941
 43 
 1330735545.767002
 43 
 1330735545.767067
 43 
 1330735545.767127
 43 
 1330735545.767188
 43 
 1330735545.767248
 43 
 1330735545.830685
 44 
 1330735545.830722
 44 
 1330735545.830784
 44 
 1330735545.830855
 44 
 1330735545.830918
 44 
 1330735545.830979
 44 
 1330735545.831042
 44 
 1330735545.831104
 44 
 1330735545.831164
 44 
 1330735545.831226
 44 
 1330735545.831287
 44 
 1330735545.831347
 44 
 1330735545.831408
 44 
 1330735545.831469
 44 
 1330735545.831530
 44 
 1330735545.831592
 44 
 1330735545.831653
 44 
 1330735545.831713
 44 
 1330735545.831775
 44 
 1330735545.831854
 44 
 1330735545.831914
 44 
 1330735545.831974
 44 
 1330735545.832035
 44 
 1330735545.832096
 44 
 1330735545.832157
 44 
 1330735545.832217
 44 
 1330735545.832278
 44 
 1330735545.832338
 44 
 1330735545.832398
 44 
 1330735545.832459
 44 
 1330735545.832519
 44 
 1330735545.832580
 44 
 1330735545.832641
 44 
 1330735545.832701
 44 
 1330735545.882595
 45 
 1330735545.882630
 45 
 1330735545.882697
 45 
 1330735545.882759
 45 
 1330735545.882820
 45 
 1330735545.882907
 45 
 1330735545.882969
 45 
 1330735545.883030
 45 
 1330735545.883091
 45 
 1330735545.883152
 45 
 1330735545.883214
 45 
 1330735545.883274
 45 
 1330735545.883334
 45 
 1330735545.883395
 45 
 1330735545.883456
 45 
 1330735545.883516
 45 
 1330735545.883577
 45 
 1330735545.883637
 45 
 1330735545.883697
 45 
 1330735545.883758
 45 
 1330735545.883819
 45 
 1330735545.883895
 45 
 1330735545.883955
 45 
 1330735545.884015
 45 
 1330735545.884076
 45 
 1330735545.884137
 45 
 1330735545.884197
 45 
 1330735545.884258
 45 
 1330735545.884318
 45 
 1330735545.884379
 45 
 1330735545.884440
 45 
 1330735545.884500
 45 
 1330735545.884560
 45 
 1330735545.884620
 45 
 1330735545.884680
 45 
 1330735545.884740
 45 
 1330735545.884801
 45 
 1330735545.884883
 45 
 1330735545.884944
 45 
 1330735545.885004
 45 
 1330735545.885063
 45 
 1330735545.885124
 45 
 1330735545.885184
 45 
 1330735545.885244
 45 
 1330735545.885305
 45 
 1330735545.885365
 45 
 1330735545.885426
 45 
 1330735545.885486
 45 
 1330735545.885545
 45 
 1330735545.885607
 45 
 1330735545.885667
 45 
 1330735545.885727
 45 
 1330735545.885788
 45 
 1330735545.885866
 45 
 1330735545.885928
 45 
 1330735545.885988
 45 
 1330735545.922683
 46 
 1330735545.922723
 46 
 1330735545.922790
 46 
 1330735545.988253
 47 
 1330735545.988289
 47 
 1330735545.988356
 47 
 1330735545.988418
 47 
 1330735545.988480
 47 
 1330735545.988542
 47 
 1330735545.988602
 47 
 1330735545.988664
 47 
 1330735545.988724
 47 
 1330735545.988784
 47 
 1330735545.988847
 47 
 1330735545.988917
 47 
 1330735545.988977
 47 
 1330735545.989037
 47 
 1330735545.989097
 47 
 1330735545.989157
 47 
 1330735545.989218
 47 
 1330735545.989278
 47 
 1330735545.989338
 47 
 1330735545.989398
 47 
 1330735545.989458
 47 
 1330735545.989519
 47 
 1330735545.989580
 47 
 1330735545.989640
 47 
 1330735545.989700
 47 
 1330735545.989761
 47 
 1330735545.989821
 47 
 1330735545.989894
 47 
 1330735545.989960
 47 
 1330735545.990020
 47 
 1330735545.990081
 47 
 1330735545.990141
 47 
 1330735545.990201
 47 
 1330735546.014246
 48 
 1330735546.014308
 48 
 1330735546.014372
 48 
 1330735546.014433
 48 
 1330735546.014494
 48 
 1330735546.014555
 48 
 1330735546.014615
 48 
 1330735546.014674
 48 
 1330735546.014732
 48 
 1330735546.014791
 48 
 1330735546.069098
 49 
 1330735546.143345
 50 
 1330735546.143381
 50 
 1330735546.143440
 50 
 1330735546.143501
 50 
 1330735546.143564
 50 
 1330735546.143626
 50 
 1330735546.143687
 50 
 1330735546.181373
 51 
 1330735546.181407
 51 
 1330735546.222663
 52 
 1330735546.222698
 52 
 1330735546.222764
 52 
 1330735546.222825
 52 
 1330735546.222905
 52 
 1330735546.222966
 52 
 1330735546.223028
 52 
 1330735546.223089
 52 
 1330735546.223150
 52 
 1330735546.223210
 52 
 1330735546.223271
 52 
 1330735546.223331
 52 
 1330735546.223393
 52 
 1330735546.223453
 52 
 1330735546.223514
 52 
 1330735546.223574
 52 
 1330735546.223634
 52 
 1330735546.223695
 52 
 1330735546.223756
 52 
 1330735546.223816
 52 
 1330735546.223894
 52 
 1330735546.271018
 53 
 1330735546.271053
 53 
 1330735546.271120
 53 
 1330735546.271180
 53 
 1330735546.271241
 53 
 1330735546.271303
 53 
 1330735546.271364
 53 
 1330735546.271426
 53 
 1330735546.271487
 53 
 1330735546.271547
 53 
 1330735546.271609
 53 
 1330735546.332452
 54 
 1330735546.332488
 54 
 1330735546.332550
 54 
 1330735546.332610
 54 
 1330735546.332672
 54 
 1330735546.374381
 55 
 1330735546.374505
 55 
 1330735546.374568
 55 
 1330735546.374629
 55 
 1330735546.443095
 56 
 1330735546.443131
 56 
 1330735546.443191
 56 
 1330735546.443253
 56 
 1330735546.443314
 56 
 1330735546.443376
 56 
 1330735546.443437
 56 
 1330735546.443498
 56 
 1330735546.443559
 56 
 1330735546.443619
 56 
 1330735546.460983
 57 
 1330735546.461038
 57 
 1330735546.461100
 57 
 1330735546.461162
 57 
 1330735546.461224
 57 
 1330735546.461285
 57 
 1330735546.461346
 57 
 1330735546.461405
 57 
 1330735546.461467
 57 
 1330735546.461527
 57 
 1330735546.461588
 57 
 1330735546.461649
 57 
 1330735546.461710
 57 
 1330735546.461770
 57 
 1330735546.461852
 57 
 1330735546.461910
 57 
 1330735546.461971
 57 
 1330735546.462031
 57 
 1330735546.462091
 57 
 1330735546.462152
 57 
 1330735546.462212
 57 
 1330735546.462271
 57 
 1330735546.462331
 57 
 1330735546.462392
 57 
 1330735546.530729
 58 
 1330735546.530764
 58 
 1330735546.530825
 58 
 1330735546.530912
 58 
 1330735546.530974
 58 
 1330735546.531035
 58 
 1330735546.531097
 58 
 1330735546.531158
 58 
 1330735546.579926
 59 
 1330735546.579998
 59 
 1330735546.580065
 59 
 1330735546.580129
 59 
 1330735546.580192
 59 
 1330735546.580256
 59 
 1330735546.580319
 59 
 1330735546.580380
 59 
 1330735546.580442
 59 
 1330735546.580503
 59 
 1330735546.580564
 59 
 1330735546.580625
 59 
 1330735546.580686
 59 
 1330735546.580746
 59 
 1330735546.580807
 59 
 1330735546.580888
 59 
 1330735546.580949
 59 
 1330735546.581010
 59 
 1330735546.581072
 59 
 1330735546.636592
 60 
 1330735546.636640
 60 
 1330735546.673020
 61 
 1330735546.712644
 62 
 1330735546.777401
 63 
 1330735546.811947
 64 
 1330735546.859282
 65 
 1330735546.924985
 66 
 1330735546.994536
 67 
 1330735547.032487
 68 
 1330735547.032543
 68 
 1330735547.032606
 68 
 1330735547.032671
 68 
 1330735547.032734
 68 
 1330735547.032797
 68 
 1330735547.032876
 68 
 1330735547.032940
 68 
 1330735547.033001
 68 
 1330735547.033062
 68 
 1330735547.033123
 68 
 1330735547.085071
 69 
 1330735547.085133
 69 
 1330735547.116858
 70 
 1330735547.116922
 70 
 1330735547.116986
 70 
 1330735547.117049
 70 
 1330735547.117112
 70 
 1330735547.117173
 70 
 1330735547.117236
 70 
 1330735547.117296
 70 
 1330735547.117357
 70 
 1330735547.117418
 70 
 1330735547.117479
 70 
 1330735547.117541
 70 
 1330735547.117602
 70 
 1330735547.117663
 70 
 1330735547.117724
 70 
 1330735547.117784
 70 
 1330735547.117847
 70 
 1330735547.117917
 70 
 1330735547.117977
 70 
 1330735547.118038
 70 
 1330735547.118133
 70 
 1330735547.118168
 70 
 1330735547.118220
 70 
 1330735547.118282
 70 
 1330735547.118344
 70 
 1330735547.118403
 70 
 1330735547.118464
 70 
 1330735547.118525
 70 
 1330735547.118586
 70 
 1330735547.118646
 70 
 1330735547.118706
 70 
 1330735547.118768
 70 
 1330735547.118848
 70 
 1330735547.178505
 71 
 1330735547.178551
 71 
 1330735547.178625
 71 
 1330735547.178687
 71 
 1330735547.178750
 71 
 1330735547.178813
 71 
 1330735547.178902
 71 
 1330735547.178965
 71 
 1330735547.179027
 71 
 1330735547.179088
 71 
 1330735547.179148
 71 
 1330735547.179209
 71 
 1330735547.179270
 71 
 1330735547.179331
 71 
 1330735547.179391
 71 
 1330735547.179452
 71 
 1330735547.179513
 71 
 1330735547.179573
 71 
 1330735547.179635
 71 
 1330735547.179695
 71 
 1330735547.179756
 71 
 1330735547.179816
 71 
 1330735547.179896
 71 
 1330735547.179956
 71 
 1330735547.180017
 71 
 1330735547.180077
 71 
 1330735547.180139
 71 
 1330735547.180199
 71 
 1330735547.180260
 71 
 1330735547.180321
 71 
 1330735547.180383
 71 
 1330735547.180444
 71 
 1330735547.180506
 71 
 1330735547.180567
 71 
 1330735547.180628
 71 
 1330735547.180688
 71 
 1330735547.180749
 71 
 1330735547.180810
 71 
 1330735547.180895
 71 
 1330735547.180957
 71 
 1330735547.181017
 71 
 1330735547.181078
 71 
 1330735547.181139
 71 
 1330735547.181199
 71 
 1330735547.181261
 71 
 1330735547.181322
 71 
 1330735547.181382
 71 
 1330735547.181444
 71 
 1330735547.181504
 71 
 1330735547.181565
 71 
 1330735547.181626
 71 
 1330735547.181687
 71 
 1330735547.181747
 71 
 1330735547.181808
 71 
 1330735547.181888
 71 
 1330735547.181949
 71 
 1330735547.182018
 71 
 1330735547.182110
 71 
 1330735547.182169
 71 
 1330735547.182231
 71 
 1330735547.182292
 71 
 1330735547.182352
 71 
 1330735547.182414
 71 
 1330735547.182474
 71 
 1330735547.182535
 71 
 1330735547.182596
 71 
 1330735547.182658
 71 
 1330735547.182717
 71 
 1330735547.182779
 71 
 1330735547.182844
 71 
 1330735547.182915
 71 
 1330735547.182975
 71 
 1330735547.183036
 71 
 1330735547.183097
 71 
 1330735547.183158
 71 
 1330735547.183218
 71 
 1330735547.183279
 71 
 1330735547.183340
 71 
 1330735547.183400
 71 
 1330735547.183462
 71 
 1330735547.183522
 71 
 1330735547.183583
 71 
 1330735547.183644
 71 
 1330735547.183705
 71 
 1330735547.183766
 71 
 1330735547.183841
 71 
 1330735547.183914
 71 
 1330735547.183975
 71 
 1330735547.184036
 71 
 1330735547.184097
 71 
 1330735547.184158
 71 
 1330735547.184219
 71 
 1330735547.184279
 71 
 1330735547.184340
 71 
 1330735547.184401
 71 
 1330735547.184461
 71 
 1330735547.211176
 72 
 1330735547.211240
 72 
 1330735547.211305
 72 
 1330735547.211368
 72 
 1330735547.211430
 72 
 1330735547.211493
 72 
 1330735547.211555
 72 
 1330735547.211617
 72 
 1330735547.211677
 72 
 1330735547.211738
 72 
 1330735547.211798
 72 
 1330735547.211990
 72 
 1330735547.212051
 72 
 1330735547.212113
 72 
 1330735547.212174
 72 
 1330735547.212234
 72 
 1330735547.212295
 72 
 1330735547.212355
 72 
 1330735547.212416
 72 
 1330735547.212476
 72 
 1330735547.212537
 72 
 1330735547.212597
 72 
 1330735547.212660
 72 
 1330735547.212721
 72 
 1330735547.212782
 72 
 1330735547.212845
 72 
 1330735547.212913
 72 
 1330735547.212974
 72 
 1330735547.213035
 72 
 1330735547.213165
 72 
 1330735547.260102
 73 
 1330735547.260138
 73 
 1330735547.260206
 73 
 1330735547.260268
 73 
 1330735547.260330
 73 
 1330735547.260393
 73 
 1330735547.260454
 73 
 1330735547.260515
 73 
 1330735547.260576
 73 
 1330735547.260637
 73 
 1330735547.260698
 73 
 1330735547.260758
 73 
 1330735547.260819
 73 
 1330735547.260900
 73 
 1330735547.260961
 73 
 1330735547.261022
 73 
 1330735547.311646
 74 
 1330735547.311681
 74 
 1330735547.311752
 74 
 1330735547.311814
 74 
 1330735547.311900
 74 
 1330735547.311963
 74 
 1330735547.312024
 74 
 1330735547.312086
 74 
 1330735547.312149
 74 
 1330735547.312215
 74 
 1330735547.312276
 74 
 1330735547.312338
 74 
 1330735547.358064
 75 
 1330735547.358099
 75 
 1330735547.358165
 75 
 1330735547.358228
 75 
 1330735547.358289
 75 
 1330735547.358351
 75 
 1330735547.358413
 75 
 1330735547.358475
 75 
 1330735547.358536
 75 
 1330735547.358596
 75 
 1330735547.358657
 75 
 1330735547.358718
 75 
 1330735547.358778
 75 
 1330735547.358850
 75 
 1330735547.358914
 75 
 1330735547.358975
 75 
 1330735547.359035
 75 
 1330735547.359097
 75 
 1330735547.359157
 75 
 1330735547.359218
 75 
 1330735547.359278
 75 
 1330735547.359339
 75 
 1330735547.359400
 75 
 1330735547.359460
 75 
 1330735547.359522
 75 
 1330735547.359581
 75 
 1330735547.359642
 75 
 1330735547.359702
 75 
 1330735547.359763
 75 
 1330735547.359824
 75 
 1330735547.359905
 75 
 1330735547.359965
 75 
 1330735547.360026
 75 
 1330735547.360087
 75 
 1330735547.360147
 75 
 1330735547.360208
 75 
 1330735547.360269
 75 
 1330735547.407190
 76 
 1330735547.407253
 76 
 1330735547.407317
 76 
 1330735547.407379
 76 
 1330735547.407442
 76 
 1330735547.407504
 76 
 1330735547.407566
 76 
 1330735547.407628
 76 
 1330735547.462135
 77 
 1330735547.462173
 77 
 1330735547.462244
 77 
 1330735547.462306
 77 
 1330735547.462368
 77 
 1330735547.462429
 77 
 1330735547.462492
 77 
 1330735547.462554
 77 
 1330735547.462616
 77 
 1330735547.462677
 77 
 1330735547.462739
 77 
 1330735547.462799
 77 
 1330735547.462880
 77 
 1330735547.462942
 77 
 1330735547.463004
 77 
 1330735547.463065
 77 
 1330735547.463126
 77 
 1330735547.463187
 77 
 1330735547.463249
 77 
 1330735547.463309
 77 
 1330735547.463371
 77 
 1330735547.463433
 77 
 1330735547.463493
 77 
 1330735547.463553
 77 
 1330735547.463614
 77 
 1330735547.463674
 77 
 1330735547.463735
 77 
 1330735547.463796
 77 
 1330735547.463873
 77 
 1330735547.537014
 78 
 1330735547.537080
 78 
 1330735547.537146
 78 
 1330735547.537208
 78 
 1330735547.581362
 79 
 1330735547.581408
 79 
 1330735547.581480
 79 
 1330735547.581541
 79 
 1330735547.581604
 79 
 1330735547.581666
 79 
 1330735547.581729
 79 
 1330735547.581792
 79 
 1330735547.581865
 79 
 1330735547.581927
 79 
 1330735547.581987
 79 
 1330735547.582047
 79 
 1330735547.582108
 79 
 1330735547.582168
 79 
 1330735547.582228
 79 
 1330735547.582289
 79 
 1330735547.582348
 79 
 1330735547.582408
 79 
 1330735547.582469
 79 
 1330735547.582539
 79 
 1330735547.582626
 79 
 1330735547.582685
 79 
 1330735547.630668
 80 
 1330735547.630708
 80 
 1330735547.658820
 81 
 1330735547.658879
 81 
 1330735547.658948
 81 
 1330735547.659011
 81 
 1330735547.725925
 82 
 1330735547.725975
 82 
 1330735547.726047
 82 
 1330735547.726111
 82 
 1330735547.726174
 82 
 1330735547.726238
 82 
 1330735547.726302
 82 
 1330735547.726364
 82 
 1330735547.726425
 82 
 1330735547.726486
 82 
 1330735547.726548
 82 
 1330735547.726609
 82 
 1330735547.757877
 83 
 1330735547.757936
 83 
 1330735547.757999
 83 
 1330735547.758061
 83 
 1330735547.758123
 83 
 1330735547.758186
 83 
 1330735547.758247
 83 
 1330735547.758308
 83 
 1330735547.758369
 83 
 1330735547.758430
 83 
 1330735547.758492
 83 
 1330735547.758553
 83 
 1330735547.823571
 84 
 1330735547.823640
 84 
 1330735547.823706
 84 
 1330735547.823769
 84 
 1330735547.878038
 85 
 1330735547.878084
 85 
 1330735547.878155
 85 
 1330735547.878219
 85 
 1330735547.878282
 85 
 1330735547.878345
 85 
 1330735547.878408
 85 
 1330735547.878470
 85 
 1330735547.878607
 85 
 1330735547.878641
 85 
 1330735547.878670
 85 
 1330735547.878702
 85 
 1330735547.878755
 85 
 1330735547.878816
 85 
 1330735547.878901
 85 
 1330735547.878962
 85 
 1330735547.879024
 85 
 1330735547.879084
 85 
 1330735547.879144
 85 
 1330735547.879206
 85 
 1330735547.879266
 85 
 1330735547.879327
 85 
 1330735547.879415
 85 
 1330735547.879475
 85 
 1330735547.879535
 85 
 1330735547.879596
 85 
 1330735547.879682
 85 
 1330735547.879742
 85 
 1330735547.879802
 85 
 1330735547.879888
 85 
 1330735547.879948
 85 
 1330735547.880010
 85 
 1330735547.907206
 86 
 1330735547.907245
 86 
 1330735547.907307
 86 
 1330735547.907355
 86 
 1330735547.907376
 86 
 1330735547.907431
 86 
 1330735547.907479
 86 
 1330735547.907500
 86 
 1330735547.907555
 86 
 1330735547.907603
 86 
 1330735547.907624
 86 
 1330735547.907676
 86 
 1330735547.907719
 86 
 1330735547.907740
 86 
 1330735548.040698
 88 
 1330735548.040748
 88 
 1330735548.040770
 88 
 1330735548.040790
 88 
 1330735548.040844
 88 
 1330735548.040899
 88 
 1330735548.040947
 88 
 1330735548.040968
 88 
 1330735548.041022
 88 
 1330735548.041070
 88 
 1330735548.041092
 88 
 1330735548.041167
 88 
 1330735548.041211
 88 
 1330735548.041232
 88 
 1330735548.041283
 88 
 1330735548.041328
 88 
 1330735548.041361
 88 
 1330735548.041409
 88 
 1330735548.041453
 88 
 1330735548.041496
 88 
 1330735548.041517
 88 
 1330735548.041568
 88 
 1330735548.041611
 88 
 1330735548.041632
 88 
 1330735548.041683
 88 
 1330735548.041727
 88 
 1330735548.095045
 89 
 1330735548.095181
 89 
 1330735548.095233
 89 
 1330735548.095279
 89 
 1330735548.095325
 89 
 1330735548.095371
 89 
 1330735548.095418
 89 
 1330735548.095460
 89 
 1330735548.095503
 89 
 1330735548.095546
 89 
 1330735548.095589
 89 
 1330735548.095632
 89 
 1330735548.155247
 91 
 1330735548.155277
 91 
 1330735548.155296
 91 
 1330735548.155347
 91 
 1330735548.155394
 91 
 1330735548.155415
 91 
 1330735548.155469
 91 
 1330735548.155506
 91 
 1330735548.155554
 91 
 1330735548.155601
 91 
 1330735548.155622
 91 
 1330735548.155674
 91 
 1330735548.155709
 91 
 1330735548.155760
 91 
 1330735548.155804
 91 
 1330735548.155848
 91 
 1330735548.155901
 91 
 1330735548.155947
 91 
 1330735548.155990
 91 
 1330735548.156011
 91 
 1330735548.156062
 91 
 1330735548.156130
 91 
 1330735548.156174
 91 
 1330735548.156217
 91 
 1330735548.156260
 91 
 1330735548.156281
 91 
 1330735548.156332
 91 
 1330735548.156375
 91 
 1330735548.156396
 91 
 1330735548.156446
 91 
 1330735548.156489
 91 
 1330735548.156510
 91 
 1330735548.156560
 91 
 1330735548.156603
 91 
 1330735548.156628
 91 
 1330735548.156678
 91 
 1330735548.156721
 91 
 1330735548.156742
 91 
 1330735548.156793
 91 
 1330735548.156838
 91 
 1330735548.156889
 91 
 1330735548.156932
 91 
 1330735548.156967
 91 
 1330735548.157014
 91 
 1330735548.157058
 91 
 1330735548.157092
 91 
 1330735548.157141
 91 
 1330735548.157185
 91 
 1330735548.157206
 91 
 1330735548.157258
 91 
 1330735548.157301
 91 
 1330735548.157323
 91 
 1330735548.157375
 91 
 1330735548.157419
 91 
 1330735548.157462
 91 
 1330735548.157506
 91 
 1330735548.157527
 91 
 1330735548.157578
 91 
 1330735548.157621
 91 
 1330735548.157642
 91 
 1330735548.157693
 91 
 1330735548.157736
 91 
 1330735548.157758
 91 
 1330735548.157808
 91 
 1330735548.157851
 91 
 1330735548.157901
 91 
 1330735548.157945
 91 
 1330735548.157966
 91 
 1330735548.158017
 91 
 1330735548.158061
 91 
 1330735548.158082
 91 
 1330735548.228846
 92 
 1330735548.228914
 92 
 1330735548.228963
 92 
 1330735548.229012
 92 
 1330735548.229033
 92 
 1330735548.229088
 92 
 1330735548.229136
 92 
 1330735548.229158
 92 
 1330735548.229212
 92 
 1330735548.229255
 92 
 1330735548.229276
 92 
 1330735548.229327
 92 
 1330735548.229371
 92 
 1330735548.229415
 92 
 1330735548.229459
 92 
 1330735548.229502
 92 
 1330735548.229524
 92 
 1330735548.229575
 92 
 1330735548.229619
 92 
 1330735548.229662
 92 
 1330735548.229684
 92 
 1330735548.229736
 92 
 1330735548.229779
 92 
 1330735548.229824
 92 
 1330735548.229862
 92 
 1330735548.261599
 93 
 1330735548.261620
 93 
 1330735548.261670
 93 
 1330735548.261716
 93 
 1330735548.261737
 93 
 1330735548.261790
 93 
 1330735548.341601
 94 
 1330735548.341631
 94 
 1330735548.341652
 94 
 1330735548.341700
 94 
 1330735548.341748
 94 
 1330735548.341768
 94 
 1330735548.341823
 94 
 1330735548.341889
 94 
 1330735548.341937
 94 
 1330735548.341999
 94 
 1330735548.342043
 94 
 1330735548.342086
 94 
 1330735548.342107
 94 
 1330735548.342158
 94 
 1330735548.342202
 94 
 1330735548.342246
 94 
 1330735548.342290
 94 
 1330735548.342334
 94 
 1330735548.342359
 94 
 1330735548.342410
 94 
 1330735548.342453
 94 
 1330735548.342478
 94 
 1330735548.342530
 94 
 1330735548.342573
 94 
 1330735548.342594
 94 
 1330735548.342645
 94 
 1330735548.342688
 94 
 1330735548.342709
 94 
 1330735548.342760
 94 
 1330735548.342803
 94 
 1330735548.342837
 94 
 1330735548.342894
 94 
 1330735548.342928
 94 
 1330735548.342976
 94 
 1330735548.343019
 94 
 1330735548.343064
 94 
 1330735548.343085
 94 
 1330735548.343136
 94 
 1330735548.343179
 94 
 1330735548.343222
 94 
 1330735548.343267
 94 
 1330735548.343311
 94 
 1330735548.343355
 94 
 1330735548.343399
 94 
 1330735548.343424
 94 
 1330735548.343473
 94 
 1330735548.343517
 94 
 1330735548.343561
 94 
 1330735548.343605
 94 
 1330735548.343648
 94 
 1330735548.343669
 94 
 1330735548.343720
 94 
 1330735548.343765
 94 
 1330735548.343809
 94 
 1330735548.343860
 94 
 1330735548.369441
 95 
 1330735548.369467
 95 
 1330735548.369514
 95 
 1330735548.369535
 95 
 1330735548.369589
 95 
 1330735548.369635
 95 
 1330735548.369656
 95 
 1330735548.369709
 95 
 1330735548.369746
 95 
 1330735548.369794
 95 
 1330735548.369838
 95 
 1330735548.369887
 95 
 1330735548.369930
 95 
 1330735548.369974
 95 
 1330735548.370016
 95 
 1330735548.370060
 95 
 1330735548.370104
 95 
 1330735548.370148
 95 
 1330735548.370191
 95 
 1330735548.370236
 95 
 1330735548.370256
 95 
 1330735548.370312
 95 
 1330735548.370339
 95 
 1330735548.370388
 95 
 1330735548.370432
 95 
 1330735548.370475
 95 
 1330735548.370496
 95 
 1330735548.370548
 95 
 1330735548.370591
 95 
 1330735548.428252
 96 
 1330735548.428277
 96 
 1330735548.428324
 96 
 1330735548.428371
 96 
 1330735548.428393
 96 
 1330735548.482570
 97 
 1330735548.482593
 97 
 1330735548.482642
 97 
 1330735548.482688
 97 
 1330735548.482709
 97 
 1330735548.482763
 97 
 1330735548.482809
 97 
 1330735548.482844
 97 
 1330735548.482893
 97 
 1330735548.482938
 97 
 1330735548.482959
 97 
 1330735548.483010
 97 
 1330735548.483053
 97 
 1330735548.483097
 97 
 1330735548.483140
 97 
 1330735548.483183
 97 
 1330735548.526309
 98 
 1330735548.526340
 98 
 1330735548.526359
 98 
 1330735548.526409
 98 
 1330735548.526445
 98 
 1330735548.526492
 98 
 1330735548.526528
 98 
 1330735548.526577
 98 
 1330735548.526623
 98 
 1330735548.526683
 98 
 1330735548.526727
 98 
 1330735548.526748
 98 
 1330735548.526799
 98 
 1330735548.567252
 99 
timeout.
packet count: 1672 
